CID;TABCD;LCD;CLASS;TCD;STCD;NID;POL_LCD
58;1;734;A;12;0;321;683
58;1;758;A;12;0;766;388
58;1;764;A;12;0;894;331
58;1;767;A;12;0;923;496
58;1;768;A;12;0;937;311
58;1;783;A;12;0;1451;531
58;1;821;A;12;0;2633;676
58;1;831;A;12;0;2670;328
58;1;833;A;12;0;2684;622
58;1;852;A;12;0;2816;331
58;1;940;A;12;0;3947;347
58;1;996;A;12;0;4660;1272
58;1;1002;A;12;0;4686;331
58;1;1015;A;12;0;5160;621
58;1;1016;A;12;0;4861;621
58;1;1069;A;12;0;5717;376
58;1;1095;A;12;0;6059;376
58;1;1110;A;12;0;6495;331
58;1;1114;A;12;0;6306;376
58;1;1117;A;12;0;6365;38747
58;1;1139;A;12;0;6615;347
58;1;1149;A;12;0;6742;331
58;1;1180;A;12;0;7103;621
58;1;1238;A;12;0;7844;346
58;1;1256;A;12;0;8199;330
58;1;1300;A;12;0;8772;313
58;1;1316;A;12;0;8880;331
58;1;1327;A;12;0;9005;428
58;1;1344;A;12;0;9197;496
58;1;1402;A;12;0;9979;328
58;1;1414;A;12;0;10055;343
58;1;1422;A;12;0;10232;711
58;1;1426;A;12;0;10300;711
58;1;1524;A;12;0;11589;531
58;1;1529;A;12;0;11651;330
58;1;1531;A;12;0;12195;711
58;1;1533;A;12;0;12202;683
58;1;1553;A;12;0;11929;622
58;1;1559;A;12;0;12241;2589
58;1;1616;A;12;0;12991;480
58;1;1624;A;12;0;13091;676
58;1;1625;A;12;0;13111;621
58;1;1643;A;12;0;13346;376
58;1;1659;A;12;0;13494;621
58;1;1683;A;12;0;13841;489
58;1;1693;A;12;0;13898;343
58;1;1700;A;12;0;13909;496
58;1;1703;A;12;0;13934;683
58;1;1720;A;12;0;14185;531
58;1;1741;A;12;0;14934;622
58;1;1745;A;12;0;14979;500
58;1;1757;A;12;0;15165;683
58;1;1773;A;12;0;15307;496
58;1;1892;A;12;0;16836;531
58;1;1935;A;12;0;17368;313
58;1;1936;A;12;0;17370;711
58;1;1938;A;12;0;17416;343
58;1;1968;A;12;0;17921;622
58;1;2029;A;12;0;18708;331
58;1;2033;A;12;0;18742;525
58;1;2048;A;12;0;18997;331
58;1;2075;A;12;0;19438;38591
58;1;2101;A;12;0;12025;38602
58;1;2132;A;12;0;20335;531
58;1;2151;A;12;0;20482;605
58;1;2191;A;12;0;20817;347
58;1;2241;A;12;0;21434;711
58;1;2292;A;12;0;22535;683
58;1;2299;A;12;0;22614;711
58;1;2380;A;12;0;23455;428
58;1;2418;A;12;0;24103;331
58;1;2433;A;12;0;24264;663
58;1;2565;A;12;0;25891;368
58;1;2625;A;12;0;26735;2589
58;1;2644;A;12;0;26960;343
58;1;2664;A;12;0;27205;531
58;1;2713;A;12;0;27753;311
58;1;2730;A;12;0;27937;2601
58;1;2748;A;12;0;28221;313
58;1;2749;A;12;0;28229;428
58;1;2767;A;12;0;28334;368
58;1;2770;A;12;0;28373;683
58;1;2777;A;12;0;28461;622
58;1;2786;A;12;0;28558;727
58;1;2802;A;12;0;548;38602
58;1;2806;A;12;0;676;368
58;1;2812;A;12;0;1501;676
58;1;2820;A;12;0;2747;330
58;1;2832;A;12;0;3374;489
58;1;2842;A;12;0;3842;525
58;1;2843;A;12;0;3850;525
58;1;2844;A;12;0;3879;346
58;1;2845;A;12;0;3881;2796
58;1;2874;A;12;0;5454;368
58;1;2879;A;12;0;5975;622
58;1;2883;A;12;0;6085;38602
58;1;2885;A;12;0;6309;388
58;1;2895;A;12;0;6747;683
58;1;2905;A;12;0;7199;2795
58;1;2915;A;12;0;7844;2795
58;1;2919;A;12;0;8078;2795
58;1;2920;A;12;0;8273;313
58;1;2926;A;12;0;8926;525
58;1;2944;A;12;0;10311;622
58;1;2951;A;12;0;10759;2797
58;1;2960;A;12;0;11321;683
58;1;2971;A;12;0;11640;2795
58;1;2974;A;12;0;11765;38747
58;1;2978;A;12;0;12362;346
58;1;2981;A;12;0;12539;525
58;1;2992;A;12;0;13480;343
58;1;3007;A;12;0;14233;38596
58;1;3041;A;12;0;16699;388
58;1;3067;A;12;0;18136;346
58;1;3075;A;12;0;18437;2797
58;1;3076;A;12;0;18501;563
58;1;3119;A;12;0;21560;621
58;1;3124;A;12;0;21818;676
58;1;3160;A;12;0;24055;330
58;1;3172;A;12;0;24584;2254
58;1;3190;A;12;0;25579;343
58;1;3192;A;12;0;25624;368
58;1;3217;A;12;0;27926;343
58;1;3224;A;12;0;28351;343
58;1;3233;A;12;0;711;346
58;1;3243;A;12;0;3641;343
58;1;3316;A;12;0;26935;328
58;1;3320;A;12;0;27826;388
58;1;3323;A;12;0;28091;722
58;1;3390;A;12;0;3262;38735
58;1;3393;A;12;0;3306;4081
58;1;3394;A;12;0;3354;428
58;1;3415;A;12;0;5479;3228
58;1;3419;A;12;0;5663;2796
58;1;3425;A;12;0;5845;3058
58;1;3437;A;12;0;3939;4081
58;1;3454;A;12;0;8080;413
58;1;3465;A;12;0;8771;525
58;1;3485;A;12;0;9679;1037
58;1;3495;A;12;0;10237;330
58;1;3503;A;6;1;10935;2422
58;1;3504;A;12;0;10981;525
58;1;3514;A;12;0;11559;3228
58;1;3539;A;12;0;13675;525
58;1;3542;A;12;0;14406;525
58;1;3543;A;12;0;14417;3531
58;1;3553;A;12;0;14911;1037
58;1;3555;A;12;0;15052;2795
58;1;3583;A;12;0;16815;2796
58;1;3597;A;12;0;17632;313
58;1;3634;A;12;0;19984;38737
58;1;3650;A;12;0;20676;4454
58;1;3688;A;12;0;22952;2796
58;1;3721;A;12;0;24563;3228
58;1;3725;A;12;0;24774;405
58;1;3794;A;12;0;28210;313
58;1;3818;A;12;0;3147;2223
58;1;3836;A;12;0;5819;711
58;1;3837;A;12;0;5902;531
58;1;3894;A;12;0;13387;331
58;1;3895;A;12;0;13397;683
58;1;3920;A;12;0;15868;563
58;1;3921;A;12;0;15870;563
58;1;3934;A;12;0;17500;311
58;1;3962;A;12;0;22064;311
58;1;3967;A;12;0;22695;621
58;1;3968;A;12;0;22698;622
58;1;3982;A;12;0;24329;525
58;1;3989;A;12;0;25374;3228
58;1;3993;A;12;0;25671;682
58;1;3998;A;12;0;26675;496
58;1;4003;A;12;0;26992;331
58;1;4012;A;12;0;27879;311
58;1;4026;A;12;0;937;496
58;1;4056;A;12;0;3094;4135
58;1;4063;A;12;0;3352;331
58;1;4078;A;12;0;3690;311
58;1;4087;A;12;0;4133;711
58;1;4089;A;12;0;5111;2796
58;1;4101;A;12;0;4681;531
58;1;4119;A;6;1;10251;2729
58;1;4124;A;12;0;5569;311
58;1;4126;A;12;0;5700;347
58;1;4137;A;12;0;5935;563
58;1;4153;A;12;0;6651;676
58;1;4165;A;12;0;6981;711
58;1;4168;A;12;0;7126;311
58;1;4175;A;12;0;7398;676
58;1;4193;A;12;0;8276;676
58;1;4194;A;12;0;8298;311
58;1;4202;A;12;0;8443;311
58;1;4217;A;12;0;9122;622
58;1;4240;A;12;0;9961;1074
58;1;4259;A;12;0;10759;328
58;1;4260;A;12;0;10785;531
58;1;4267;A;12;0;11107;683
58;1;4271;A;12;0;11373;711
58;1;4273;A;12;0;11470;2796
58;1;4274;A;12;0;11438;4049
58;1;4275;A;12;0;11454;2796
58;1;4279;A;12;0;11564;4454
58;1;4289;A;12;0;12009;622
58;1;4294;A;12;0;12540;525
58;1;4297;A;12;0;12651;622
58;1;4300;A;12;0;13125;621
58;1;4314;A;12;0;13691;328
58;1;4315;A;12;0;13710;3228
58;1;4332;A;12;0;14311;496
58;1;4340;A;12;0;15114;711
58;1;4350;A;12;0;15386;531
58;1;4353;A;12;0;15486;3228
58;1;4364;A;12;0;15912;311
58;1;4368;A;12;0;21973;3671
58;1;4379;A;12;0;16736;3228
58;1;4383;A;12;0;16899;683
58;1;4386;A;12;0;17000;531
58;1;4389;A;12;0;17140;711
58;1;4391;A;12;0;17184;622
58;1;4397;A;12;0;17335;711
58;1;4400;A;12;0;17860;531
58;1;4403;A;12;0;17929;622
58;1;4405;A;12;0;17959;531
58;1;4411;A;12;0;18306;3330
58;1;4414;A;12;0;18355;343
58;1;4424;A;12;0;18534;531
58;1;4426;A;12;0;18566;525
58;1;4427;A;12;0;18611;311
58;1;4430;A;12;0;18708;531
58;1;4434;A;12;0;18912;330
58;1;4446;A;12;0;19319;328
58;1;4447;A;12;0;19386;531
58;1;4461;A;12;0;20312;496
58;1;4466;A;12;0;20496;531
58;1;4473;A;12;0;20617;531
58;1;4479;A;12;0;20905;676
58;1;4480;A;12;0;20906;2795
58;1;4485;A;12;0;21013;683
58;1;4486;A;12;0;21032;2795
58;1;4489;A;12;0;21260;2796
58;1;4506;A;12;0;21990;311
58;1;4514;A;12;0;22138;330
58;1;4515;A;12;0;11200;3676
58;1;4516;A;12;0;22358;330
58;1;4525;A;12;0;22780;313
58;1;4532;A;12;0;23098;331
58;1;4542;A;12;0;23613;496
58;1;4556;A;12;0;23461;683
58;1;4563;A;12;0;23995;711
58;1;4575;A;12;0;24649;2795
58;1;4586;A;12;0;24857;311
58;1;4595;A;12;0;25495;328
58;1;4622;A;12;0;26673;330
58;1;4623;A;12;0;26677;711
58;1;4624;A;12;0;26681;331
58;1;4631;A;12;0;26992;531
58;1;4643;A;12;0;27427;711
58;1;4658;A;12;0;27797;330
58;1;4663;A;12;0;27862;711
58;1;4703;A;12;0;18060;954
58;1;4705;A;12;0;22002;2118
58;1;4719;A;12;0;1591;38618
58;1;4720;A;12;0;1772;489
58;1;4732;A;12;0;3507;32814
58;1;4734;A;12;0;4113;2610
58;1;4742;A;12;0;4834;489
58;1;4744;A;12;0;3514;4896
58;1;4745;A;12;0;3848;525
58;1;4749;A;12;0;3515;32812
58;1;4757;A;12;0;6747;682
58;1;4772;A;12;0;7793;682
58;1;4781;A;12;0;3520;32825
58;1;4782;A;12;0;3522;32813
58;1;4799;A;12;0;10235;849
58;1;4806;A;12;0;10740;849
58;1;4811;A;12;0;3531;32814
58;1;4822;A;12;0;12215;605
58;1;4824;A;12;0;3533;32825
58;1;4826;A;12;0;12003;489
58;1;4837;A;12;0;3854;525
58;1;4841;A;12;0;3541;32817
58;1;4843;A;12;0;3540;32813
58;1;4856;A;12;0;15220;524
58;1;4863;A;12;0;3543;32825
58;1;4871;A;12;0;16328;489
58;1;4873;A;12;0;3547;32814
58;1;4877;A;12;0;3551;32814
58;1;4878;A;12;0;16779;347
58;1;4879;A;12;0;16784;516
58;1;4881;A;12;0;17126;489
58;1;4891;A;12;0;17540;2797
58;1;4892;A;12;0;18036;682
58;1;4914;A;12;0;19355;489
58;1;4918;A;12;0;19496;516
58;1;4924;A;12;0;20026;682
58;1;4928;A;12;0;20330;489
58;1;4930;A;12;0;20368;722
58;1;4931;A;12;0;20381;516
58;1;4933;A;12;0;20502;330
58;1;4935;A;12;0;3560;4925
58;1;4938;A;12;0;21124;489
58;1;4943;A;12;0;21586;516
58;1;4966;A;12;0;3569;32816
58;1;4977;A;12;0;3572;32815
58;1;4984;A;12;0;3575;32816
58;1;4987;A;12;0;3576;4885
58;1;4989;A;12;0;3577;32817
58;1;4997;A;12;0;3581;4885
58;1;5001;A;12;0;3582;4925
58;1;5007;A;12;0;27406;682
58;1;5008;A;12;0;27406;516
58;1;5019;A;12;0;3587;32815
58;1;5028;A;6;4;12557;5031
58;1;5037;A;12;0;1055;3058
58;1;5047;A;12;0;3430;4694
58;1;5048;A;12;0;3509;4925
58;1;5052;A;12;0;3512;4925
58;1;5053;A;12;0;4861;4615
58;1;5054;A;6;1;12682;2580
58;1;5056;A;6;1;26378;2627
58;1;5058;A;12;0;8722;4694
58;1;5059;A;12;0;7118;2901
58;1;5063;A;12;0;3521;32817
58;1;5065;A;12;0;8717;915
58;1;5069;A;12;0;9626;2901
58;1;5072;A;12;0;10287;2901
58;1;5074;A;6;1;23894;4281
58;1;5075;A;12;0;10661;915
58;1;5077;A;12;0;11032;3094
58;1;5079;A;6;4;730;721
58;1;5083;A;12;0;11754;1074
58;1;5090;A;12;0;12141;3444
58;1;5091;A;12;0;12144;3444
58;1;5094;A;12;0;12600;3550
58;1;5097;A;12;0;13414;3467
58;1;5098;A;6;4;8701;3558
58;1;5101;A;12;0;15203;2901
58;1;5107;A;12;0;15897;38725
58;1;5109;A;12;0;16194;4018
58;1;5110;A;6;1;17944;5031
58;1;5114;A;12;0;17008;3671
58;1;5126;A;12;0;18283;1556
58;1;5128;A;12;0;3555;4925
58;1;5131;A;12;0;3557;32817
58;1;5133;A;12;0;19488;2577
58;1;5134;A;12;0;19938;2601
58;1;5136;A;12;0;20246;3094
58;1;5142;A;6;4;12557;3558
58;1;5144;A;12;0;24025;1556
58;1;5147;A;12;0;24653;4694
58;1;5148;A;6;4;12557;379
58;1;5155;A;12;0;26270;2577
58;1;5157;A;12;0;2695;4042
58;1;5158;A;12;0;27243;2901
58;1;5181;A;12;0;2896;331
58;1;5182;A;12;0;3064;2795
58;1;5196;A;12;0;4896;525
58;1;5203;A;12;0;6028;328
58;1;5249;A;12;0;10785;368
58;1;5260;A;12;0;11555;711
58;1;5261;A;12;0;12016;3228
58;1;5263;A;12;0;12380;683
58;1;5278;A;12;0;14512;496
58;1;5314;A;12;0;18637;622
58;1;5315;A;12;0;18695;622
58;1;5317;A;12;0;19066;2258
58;1;5320;A;12;0;19207;622
58;1;5326;A;12;0;19934;2796
58;1;5341;A;12;0;21295;496
58;1;5346;A;12;0;22064;347
58;1;5372;A;12;0;25478;531
58;1;5396;A;12;0;27078;2795
58;1;5414;A;12;0;721;531
58;1;5423;A;12;0;4311;3531
58;1;5428;A;12;0;6671;516
58;1;5433;A;12;0;7840;524
58;1;5456;A;12;0;20209;2118
58;1;5461;A;6;3;12526;891
58;1;5482;A;12;0;18576;313
58;1;5484;A;12;0;18645;531
58;1;5496;A;12;0;21563;722
58;1;5500;A;12;0;22638;3228
58;1;5522;A;12;0;27002;4042
58;1;5912;A;6;5;18983;265
58;1;5913;A;6;5;4029;265
58;1;5914;A;6;5;28658;1
58;1;5949;A;6;5;27473;265
58;1;5950;A;6;5;25125;265
58;1;5951;A;6;5;22499;265
58;1;6000;A;6;1;739;299
58;1;6001;A;6;1;3222;294
58;1;6002;A;6;1;3223;293
58;1;6003;A;6;1;3422;294
58;1;6004;A;6;1;3471;260
58;1;6005;A;6;1;4146;263
58;1;6006;A;6;1;4327;265
58;1;6007;A;6;1;5377;294
58;1;6008;A;6;1;6368;260
58;1;6010;A;6;1;6830;1
58;1;6011;A;6;1;7150;400
58;1;6012;A;6;1;7795;295
58;1;6013;A;6;1;8087;295
58;1;6014;A;6;1;8500;291
58;1;6015;A;6;1;8501;295
58;1;6017;A;6;1;10698;258
58;1;6018;A;6;1;10848;455
58;1;6019;A;6;1;11653;468
58;1;6020;A;6;1;12136;262
58;1;6021;A;6;1;12582;268
58;1;6022;A;6;1;16310;258
58;1;6023;A;6;1;16863;268
58;1;6024;A;6;1;16864;268
58;1;6025;A;6;1;17464;262
58;1;6026;A;6;1;17859;292
58;1;6028;A;6;1;17938;3227
58;1;6029;A;6;1;17940;258
58;1;6030;A;6;1;17941;258
58;1;6031;A;6;1;18252;291
58;1;6032;A;6;1;18640;577
58;1;6033;A;6;1;18872;263
58;1;6034;A;6;1;18873;258
58;1;6035;A;6;1;18998;262
58;1;6036;A;6;1;19268;296
58;1;6038;A;6;1;19454;581
58;1;6039;A;6;1;19560;258
58;1;6040;A;6;1;19862;258
58;1;6041;A;6;1;21520;1
58;1;6042;A;6;1;21534;275
58;1;6043;A;6;1;21638;303
58;1;6044;A;6;1;22215;260
58;1;6045;A;6;1;22488;359
58;1;6048;A;6;1;23550;263
58;1;6049;A;6;1;24126;658
58;1;6050;A;6;1;24262;303
58;1;6052;A;6;1;24512;265
58;1;6053;A;6;1;24549;291
58;1;6054;A;6;1;24623;258
58;1;6055;A;6;1;25137;263
58;1;6056;A;6;1;25369;260
58;1;6057;A;6;1;25991;686
58;1;6058;A;6;1;7868;268
58;1;6059;A;6;1;5874;262
58;1;6060;A;6;1;27386;258
58;1;6061;A;6;1;27447;1
58;1;6062;A;6;1;25369;587
58;1;6063;A;6;1;27680;365
58;1;6064;A;6;1;28217;718
58;1;6065;A;6;1;1015;713
58;1;6068;A;6;1;5457;713
58;1;6069;A;6;1;6646;262
58;1;6070;A;6;1;8098;414
58;1;6072;A;6;1;10705;2798
58;1;6074;A;6;1;11722;292
58;1;6075;A;6;1;16263;593
58;1;6076;A;6;1;17307;263
58;1;6077;A;6;1;17908;262
58;1;6080;A;6;1;17942;262
58;1;6082;A;6;1;25208;664
58;1;6083;A;6;1;12583;268
58;1;6085;A;6;1;24695;1
58;1;8062;A;6;4;18253;2219
58;1;13420;A;6;3;9093;4472
58;1;26320;A;6;4;12557;452
58;1;26322;A;6;4;17108;452
58;1;26324;A;6;4;263;452
58;1;26325;A;6;4;23704;452
58;1;26326;A;6;4;5473;452
58;1;26328;A;6;4;7943;3558
58;1;26329;A;6;4;10808;675
58;1;26330;A;6;4;1854;675
58;1;26331;A;6;4;2661;675
58;1;26332;A;6;4;3605;675
58;1;26335;A;6;4;5357;675
58;1;26336;A;6;4;5754;675
58;1;26337;A;6;4;7949;300
58;1;26338;A;6;4;8763;675
58;1;26339;A;6;4;10579;675
58;1;26340;A;6;4;10813;675
58;1;26343;A;6;4;16241;675
58;1;26344;A;6;4;16612;675
58;1;26345;A;6;4;17575;675
58;1;26348;A;6;4;22042;675
58;1;26349;A;6;4;7763;675
58;1;26350;A;6;4;22853;675
58;1;26351;A;6;4;23118;675
58;1;26353;A;6;4;25112;675
58;1;26354;A;6;4;24377;675
58;1;26355;A;6;4;15021;675
58;1;26357;A;6;4;25944;675
58;1;26358;A;6;4;25945;675
58;1;26359;A;6;4;26068;675
58;1;26360;A;6;4;26158;675
58;1;26361;A;6;4;26159;675
58;1;26363;A;6;4;26594;675
58;1;26364;A;6;4;27088;675
58;1;26365;A;6;4;27709;675
58;1;26366;A;6;4;2662;675
58;1;26367;A;6;4;28523;675
58;1;26370;A;6;4;3453;675
58;1;26372;A;6;4;5755;675
58;1;26373;A;5;2;24914;675
58;1;26374;A;6;4;19334;675
58;1;26375;A;6;4;20554;675
58;1;26379;A;6;4;18183;31939
58;1;26383;A;6;4;8019;1293
58;1;26385;A;6;4;25505;4985
58;1;26386;A;12;0;17801;1956
58;1;26387;A;12;0;17799;1956
58;1;26388;A;12;0;17810;1956
58;1;26389;A;6;4;19596;4920
58;1;26390;A;12;0;17812;1956
58;1;26391;A;6;4;25432;35430
58;1;26392;A;6;4;12557;5416
58;1;30525;A;6;1;23438;263
58;1;30987;A;6;1;19799;263
58;1;30988;A;6;1;17306;263
58;1;30989;A;6;1;18811;263
58;1;30990;A;6;1;25091;263
58;1;30991;A;6;1;19290;263
58;1;30998;A;6;1;27409;263
58;1;30999;A;6;4;17034;675
58;1;31000;A;6;4;19806;675
58;1;31139;A;12;0;3559;32817
58;1;31190;A;12;0;3580;32825
58;1;31251;A;6;3;12525;891
58;1;31450;A;6;1;15771;1803
58;1;31451;A;6;1;23104;2370
58;1;31765;A;6;4;26412;4802
58;1;31767;A;6;4;7272;31257
58;1;31771;A;6;1;17939;395
58;1;31772;A;6;4;26412;1589
58;1;31773;A;6;3;9095;1589
58;1;31775;A;6;3;9098;1589
58;1;31780;A;6;4;26412;1985
58;1;31781;A;6;4;25581;2133
58;1;31790;A;6;4;17083;42305
58;1;31791;A;6;4;8077;42305
58;1;31793;A;6;4;25501;5023
58;1;31796;A;6;4;12564;2219
58;1;31799;A;6;4;6421;4929
58;1;31802;A;6;4;25504;2483
58;1;31803;A;6;4;7771;2483
58;1;31804;A;6;4;7968;2483
58;1;31815;A;6;4;26412;2655
58;1;31816;A;6;4;5618;2756
58;1;31817;A;6;4;7694;2756
58;1;31818;A;6;4;12557;2756
58;1;31819;A;6;4;25197;2756
58;1;31820;A;6;4;28346;2756
58;1;31822;A;6;4;16582;5419
58;1;31823;A;6;4;25338;1956
58;1;31827;A;6;3;7565;1956
58;1;31828;A;6;1;7190;1956
58;1;31830;A;5;2;15567;31927
58;1;31831;A;5;2;7729;31927
58;1;31832;A;5;2;15178;31940
58;1;31833;A;6;4;18836;1956
58;1;31834;A;6;4;19861;1956
58;1;31835;A;6;4;25109;1956
58;1;31836;A;6;4;27455;1956
58;1;31837;A;6;4;26645;1956
58;1;31838;A;5;2;7760;3750
58;1;31839;A;5;2;26052;2571
58;1;31840;A;6;4;2130;804
58;1;31842;A;6;4;7946;294
58;1;31843;A;12;0;18813;264
58;1;31844;A;12;0;25092;264
58;1;31968;A;6;4;21369;2236
58;1;32435;A;6;1;18975;296
58;1;32445;A;6;1;24289;2332
58;1;32446;A;6;1;24982;892
58;1;32500;A;12;0;3529;4942
58;1;32501;A;12;0;3532;4942
58;1;32502;A;12;0;3578;4942
58;1;32503;A;12;0;3562;4925
58;1;32504;A;12;0;3539;4942
58;1;32505;A;12;0;3584;4925
58;1;32506;A;12;0;3571;4974
58;1;32507;A;12;0;3558;4974
58;1;32508;A;12;0;3524;4974
58;1;32509;A;12;0;3538;4974
58;1;32510;A;12;0;3528;4974
58;1;32511;A;12;0;3570;4974
58;1;32512;A;12;0;3527;4974
58;1;32513;A;12;0;3564;32812
58;1;32514;A;12;0;3583;32812
58;1;32515;A;12;0;3536;4925
58;1;32516;A;12;0;3508;4925
58;1;32517;A;12;0;3548;32825
58;1;32518;A;12;0;3518;32825
58;1;32519;A;12;0;3565;32825
58;1;32520;A;12;0;3535;32825
58;1;32521;A;12;0;3537;32814
58;1;32523;A;12;0;3561;32817
58;1;32524;A;12;0;3553;32817
58;1;32525;A;12;0;3526;32817
58;1;32526;A;12;0;3504;32817
58;1;32527;A;12;0;3567;32817
58;1;32528;A;12;0;3534;32817
58;1;32529;A;12;0;3505;32817
58;1;32530;A;12;0;3510;32817
58;1;32531;A;12;0;3506;32817
58;1;32532;A;12;0;3563;4896
58;1;32533;A;12;0;3511;4896
58;1;32534;A;12;0;3544;32816
58;1;32535;A;12;0;3550;32816
58;1;32536;A;12;0;3549;32816
58;1;32537;A;12;0;3519;32816
58;1;32538;A;12;0;3545;32815
58;1;32539;A;12;0;3556;32815
58;1;32540;A;12;0;3517;32815
58;1;32541;A;12;0;3579;32815
58;1;32542;A;12;0;3516;32815
58;1;32543;A;12;0;3525;32812
58;1;32544;A;12;0;3585;32812
58;1;32545;A;12;0;3566;32812
58;1;32546;A;12;0;3552;4885
58;1;32547;A;12;0;3573;4942
58;1;32548;A;12;0;3574;4942
58;1;32549;A;12;0;3523;4942
58;1;32550;A;12;0;3586;4942
58;1;32564;A;12;0;3568;4942
58;1;32565;A;12;0;3513;4925
58;1;32566;A;12;0;3542;32815
58;1;32567;A;6;4;17099;32812
58;1;32568;A;6;4;19596;32812
58;1;32569;A;6;4;7618;32817
58;1;32627;A;6;1;1039;4974
58;1;32646;A;6;4;24298;32813
58;1;32647;A;6;4;7568;4925
58;1;32648;A;6;4;16812;4925
58;1;32649;A;6;4;26606;32812
58;1;32650;A;6;1;5404;32812
58;1;32651;A;6;1;5403;4885
58;1;32652;A;6;1;26846;32815
58;1;32653;A;6;1;17660;32817
58;1;32654;A;6;1;24320;32817
58;1;32664;A;6;1;864;32817
58;1;32700;A;6;4;24302;32825
58;1;32790;A;12;0;3554;32817
58;1;32851;A;6;2;21236;4885
58;1;32899;A;6;4;7938;4942
58;1;32900;A;6;4;7939;32816
58;1;32902;A;12;0;3530;4925
58;1;32943;A;6;1;20699;4885
58;1;32944;A;6;1;24792;32815
58;1;32945;A;6;1;24791;32817
58;1;32946;A;6;1;23728;32817
58;1;32947;A;6;1;8203;4942
58;1;32948;A;12;0;3546;4942
58;1;32949;A;6;1;8201;4942
58;1;32950;A;6;1;8202;4885
58;1;32951;A;6;4;26238;4925
58;1;33076;A;6;3;9091;1589
58;1;33077;A;6;4;13911;1589
58;1;33078;A;6;4;9183;1589
58;1;33525;A;5;2;22845;579
58;1;33817;A;12;0;3889;3819
58;1;34167;A;12;0;13651;3140
58;1;34213;A;12;0;21605;2005
58;1;35095;A;5;2;1023;705
58;1;35096;A;5;2;4696;705
58;1;35097;A;6;1;8502;705
58;1;35098;A;5;2;24491;667
58;1;35099;A;5;2;20465;667
58;1;35100;A;5;2;1357;501
58;1;35101;A;5;2;28244;667
58;1;35102;A;5;2;23751;539
58;1;35103;A;5;2;24062;629
58;1;35104;A;5;2;5381;294
58;1;35105;A;5;2;25291;539
58;1;35106;A;5;2;23081;539
58;1;35107;A;5;2;26543;681
58;1;35108;A;5;2;25193;681
58;1;35109;A;5;2;26578;332
58;1;35110;A;5;2;13855;332
58;1;35111;A;5;2;24460;425
58;1;35112;A;5;2;21764;425
58;1;35113;A;5;2;8017;590
58;1;35114;A;5;2;4138;1
58;1;35115;A;5;2;14440;339
58;1;35158;A;6;4;12557;2001
58;1;35159;A;6;4;12838;2001
58;1;35160;A;6;3;9103;2219
58;1;35161;A;6;4;12698;31933
58;1;35231;A;6;4;26412;42305
58;1;35238;A;6;3;10250;2049
58;1;35277;A;6;4;13907;2381
58;1;35278;A;6;4;26412;2381
58;1;35285;A;6;4;10812;5480
58;1;35287;A;6;4;14455;5480
58;1;35319;A;6;4;1;5437
58;1;35320;A;6;4;19802;5450
58;1;36420;A;6;1;22481;840
58;1;36421;A;6;1;2732;840
58;1;36422;A;6;1;5690;37221
58;1;36423;A;6;1;16770;37221
58;1;36424;A;6;1;17083;37205
58;1;36425;A;6;1;7566;37205
58;1;36426;A;6;1;17547;3266
58;1;36427;A;6;1;28187;3240
58;1;36428;A;6;1;13486;520
58;1;36433;A;6;8;20125;37205
58;1;36450;A;6;8;20121;37205
58;1;36451;A;6;8;20079;37205
58;1;36452;A;6;8;20081;37205
58;1;36453;A;6;8;20089;37205
58;1;36454;A;6;8;20082;37205
58;1;36455;A;6;8;20080;37205
58;1;36456;A;6;8;20090;37205
58;1;36457;A;6;8;20094;37205
58;1;36458;A;6;8;20117;37205
58;1;36459;A;6;8;20105;37205
58;1;36460;A;6;8;20097;37205
58;1;36461;A;6;8;20103;37205
58;1;36462;A;6;8;20106;37205
58;1;36463;A;6;8;20110;37205
58;1;36464;A;6;8;20116;37205
58;1;36465;A;6;8;20109;37205
58;1;36466;A;6;8;20107;37205
58;1;36467;A;6;8;20091;37205
58;1;36468;A;6;8;20119;37205
58;1;36469;A;6;8;20120;37205
58;1;36470;A;6;8;20114;37205
58;1;36471;A;6;8;20092;37205
58;1;36472;A;6;8;20093;37205
58;1;36473;A;6;8;20104;37205
58;1;36474;A;6;8;20100;37205
58;1;36476;A;6;1;12562;37278
58;1;36477;A;6;1;12563;37206
58;1;36479;A;6;1;12561;3266
58;1;36480;A;6;1;12559;37221
58;1;36481;A;6;8;20115;37206
58;1;36482;A;6;8;20111;37206
58;1;36483;A;6;8;20108;37206
58;1;36484;A;6;8;20099;37206
58;1;36485;A;6;8;20095;37206
58;1;36486;A;6;8;20096;37206
58;1;36487;A;6;8;20113;37206
58;1;36488;A;6;8;20098;37206
58;1;36489;A;6;8;20107;37206
58;1;36490;A;6;8;20112;37206
58;1;36491;A;6;8;20118;37206
58;1;37296;A;6;1;10821;37205
58;1;37297;A;6;1;12560;37205
58;1;37298;A;6;3;12531;37205
58;1;38551;A;6;4;24304;452
58;1;38554;A;6;4;1038;452
58;1;38555;A;6;4;24427;38941
58;1;38556;A;6;4;17099;452
58;1;38617;A;6;1;19165;258
58;1;38743;A;12;0;12804;3531
58;1;38908;A;12;0;9113;1337
58;1;38909;A;12;0;13658;3467
58;1;38910;A;12;0;493;4018
58;1;38911;A;12;0;9513;3550
58;1;38942;A;6;4;28471;38941
58;1;38971;A;6;1;18981;258
58;1;38972;A;6;1;28657;258
58;1;38973;A;6;1;25123;258
58;1;38974;A;6;1;27472;258
58;1;38975;A;6;1;17309;258
58;1;40354;A;12;0;1065;313
58;1;40753;A;12;0;13555;388
58;1;40754;A;12;0;21866;388
58;1;40979;A;6;1;17278;262
58;1;40980;A;6;1;17907;262
58;1;40981;A;6;1;21591;262
58;1;40982;A;6;1;27476;262
58;1;40983;A;6;1;18982;262
58;1;40984;A;6;1;25124;262
58;1;40985;A;6;1;14936;262
58;1;40986;A;6;1;26455;262
58;1;40987;A;6;1;17906;262
58;1;41100;A;6;1;24316;4885
58;1;41101;A;6;1;24199;4885
58;1;41103;A;6;1;4920;4885
58;1;41307;A;6;4;24132;675
58;1;41308;A;6;4;28522;675
58;1;41309;A;6;4;7782;675
58;1;41310;A;6;4;28652;675
58;1;41311;A;6;4;27720;675
58;1;41312;A;6;4;18002;675
58;1;41313;A;6;4;5285;675
58;1;41403;A;6;4;11639;280
58;1;41404;A;6;1;649;302
58;1;41407;A;5;2;6602;56826
58;1;41408;A;5;2;23124;280
58;1;41409;A;5;2;25525;280
58;1;41410;A;5;2;8023;52567
58;1;41411;A;5;2;21609;52571
58;1;42062;A;6;4;17101;52851
58;1;42065;A;6;4;17102;689
58;1;42066;A;6;4;17100;2921
58;1;42067;A;6;4;12557;675
58;1;42068;A;6;4;17091;300
58;1;42078;A;5;2;4139;1
58;1;42080;A;5;2;4140;1
58;1;42082;A;5;2;4142;1
58;1;42083;A;5;2;4141;1
58;1;42084;A;5;2;2655;42069
58;1;42332;A;6;4;6075;42305
58;1;42333;A;6;4;6439;42305
58;1;42479;A;6;1;25293;539
58;1;43058;A;6;4;740;1902
58;1;43449;A;6;8;20077;37205
58;1;44226;A;6;5;18848;261
58;1;44227;A;6;5;17269;261
58;1;44228;A;6;5;25113;261
58;1;44229;A;6;5;27462;261
58;1;44230;A;6;5;19870;261
58;1;44401;A;6;8;20102;37205
58;1;44402;A;6;8;20101;37205
58;1;45645;A;6;1;25483;271
58;1;45646;A;12;0;18890;271
58;1;45647;A;12;0;25150;271
58;1;45648;A;12;0;27489;271
58;1;45649;A;12;0;17286;271
58;1;45650;A;12;0;19894;271
58;1;46056;A;6;4;6888;356
58;1;46057;A;6;4;7940;356
58;1;46058;A;6;4;17099;356
58;1;46059;A;6;4;26417;356
58;1;46427;A;6;4;3860;4716
58;1;46428;A;6;4;2135;4716
58;1;46429;A;6;4;18979;4958
58;1;46430;A;6;4;24441;5016
58;1;46431;A;6;4;11011;4958
58;1;46432;A;6;4;10808;4716
58;1;46433;A;6;4;2980;4714
58;1;46434;A;6;4;2982;4805
58;1;46435;A;6;4;10429;4783
58;1;46982;A;6;1;11625;295
58;1;48361;A;6;7;20085;480
58;1;48362;A;6;7;20086;480
58;1;48363;A;6;7;20088;480
58;1;48365;A;6;7;20084;480
58;1;48373;A;6;5;25266;1
58;1;48374;A;6;5;20417;262
58;1;48548;A;12;0;28091;313
58;1;48943;A;6;1;8468;480
58;1;48944;A;6;1;4734;524
58;1;48945;A;12;0;13594;330
58;1;48946;A;12;0;3184;346
58;1;49307;A;6;4;12557;1655
58;1;49309;A;6;1;18984;256
58;1;49310;A;6;1;25126;256
58;1;49311;A;6;1;6827;566
58;1;49312;A;6;1;6632;619
58;1;49313;A;6;1;5646;619
58;1;51471;A;6;1;25057;278
58;1;52164;A;6;4;7609;452
58;1;52165;A;6;4;6848;38941
58;1;52211;A;6;4;16759;452
58;1;52257;A;6;4;19791;588
58;1;52258;A;6;4;26142;721
58;1;52271;A;6;1;12221;258
58;1;52272;A;6;1;24138;258
58;1;52273;A;6;4;11354;452
58;1;52300;A;6;1;18904;258
58;1;52301;A;6;1;18911;258
58;1;52302;A;6;1;25165;258
58;1;52303;A;6;1;25161;258
58;1;53041;A;6;4;16411;526
58;1;53042;A;6;4;11671;623
58;1;53043;A;6;4;2952;612
58;1;53044;A;6;4;7941;2921
58;1;54100;A;6;1;24121;4081
58;1;54192;A;6;4;24765;3199
58;1;54252;A;6;1;28585;316
58;1;54487;A;6;1;22628;5281
58;1;54491;A;12;0;26364;2601
58;1;54949;A;6;4;17974;675
58;1;55726;A;6;1;24201;262
58;1;55728;A;12;0;10488;311
58;1;55961;A;6;8;14335;393
58;1;55962;A;6;8;10808;393
58;1;55963;A;6;8;22804;393
58;1;55964;A;6;8;1038;393
58;1;55965;A;6;8;8424;393
58;1;56827;A;5;2;19314;52588
58;1;60759;A;5;2;22094;633
