CID;TABCD;LCD;CLASS;TCD;STCD;ROADNUMBER;RNID;N1ID;N2ID;ROA_LCD;SEG_LCD;POL_LCD
58;1;34;L;3;0;B8;;6519;6387;50444;;260
58;1;1987;L;3;0;L75;;7017;11210;6982;;256
58;1;1990;L;3;0;L75;;11210;17903;6982;;256
58;1;3011;L;3;0;L28;;18325;18206;3009;;529
58;1;3013;L;3;0;L28;;1478;20158;3009;;686
58;1;5206;L;3;0;A14;;5597;16371;51281;;270
58;1;6465;L;3;0;L3048;;9192;8489;6464;;528
58;1;6466;L;3;0;L3048;;8489;13522;6464;;528
58;1;6483;L;3;0;L3073;;24161;8054;6482;;261
58;1;6484;L;3;0;L3073;;8054;25902;6482;;261
58;1;6488;L;3;0;B253;;8054;8471;50273;;261
58;1;6654;L;3;0;L3238;;18102;27954;6653;;3325
58;1;6655;L;3;0;L3238;;27954;27951;6653;;3325
58;1;6656;L;3;0;L3238;;27951;11429;6653;;3325
58;1;6711;L;3;0;L3141;;24079;7904;6710;;261
58;1;6712;L;3;0;L3141;;7904;9791;6710;;261
58;1;6713;L;3;0;L3141;;9791;23084;6710;;261
58;1;6838;L;3;0;L3070;;25902;21948;6837;;696
58;1;6839;L;3;0;L3070;;21948;13610;6837;;696
58;1;7000;L;3;0;A1;;22504;25671;50060;;1
58;1;7001;L;3;0;A1;;25671;14391;50060;;1
58;1;7005;L;3;0;A1;;6189;17850;50060;;260
58;1;7006;L;3;0;A1;;17850;19780;50060;;292
58;1;7007;L;3;0;A1;;19780;4554;50060;;1
58;1;7008;L;3;0;A1;;4554;10428;50060;;1
58;1;7009;L;3;0;A1;;10428;16254;50060;;1
58;1;7010;L;3;0;A1;;16254;7695;50060;;256
58;1;7012;L;3;0;A10;18978;6272;6284;50061;;1
58;1;7013;L;3;0;A10;28655;6284;6285;50061;;267
58;1;7014;L;3;0;A10;25121;6285;23608;50061;;267
58;1;7015;L;3;0;A10;25121;23608;6283;50061;;267
58;1;7016;L;3;0;A10;25121;6283;6292;50061;;267
58;1;7017;L;3;0;A10;27470;6292;6272;50061;;267
58;1;7018;L;3;0;A100;24444;26953;27766;50062;;266
58;1;7023;L;3;0;A11;;3606;6290;50067;;267
58;1;7024;L;3;0;A11;;6290;24693;50067;;1
58;1;7031;L;3;0;A14;;10378;15454;51281;;1
58;1;7032;L;3;0;A14;;15454;18926;51281;;1
58;1;7034;L;3;0;A38;;10378;15454;50169;;269
58;1;7035;L;3;0;A15;;5496;4621;50075;;267
58;1;7036;L;3;0;A15;;6286;5496;50075;;267
58;1;7041;L;3;0;A2;;19167;6189;50080;;260
58;1;7042;L;3;0;A2;;6189;10561;50080;;1
58;1;7043;L;3;0;A2;;10561;4431;50080;;258
58;1;7044;L;3;0;A2;;4431;16371;50080;;1
58;1;7045;L;3;0;A2;;16371;3606;50080;;1
58;1;7046;L;3;0;A20;;16254;22016;50081;;1
58;1;7047;L;3;0;A20;;22016;24693;50081;;1
58;1;7053;L;3;0;A24;;10428;23504;50087;;1
58;1;7054;L;3;0;A24;;23504;20780;50087;;1
58;1;7055;L;3;0;A24;;20780;3606;50087;;267
58;1;7056;L;3;0;A14;;23504;27869;51281;;268
58;1;7058;L;3;0;A39;;16302;10428;50108;;258
58;1;7063;L;3;0;A27;;26780;4554;50095;;258
58;1;7064;L;3;0;A27;;4554;4591;50095;;1
58;1;7065;L;3;0;A27;;4591;5537;50095;;1
58;1;7066;L;3;0;A28;;15355;19540;50096;;258
58;1;7067;L;3;0;A28;;19540;4554;50096;;258
58;1;7070;L;3;0;A29;12683;570;19540;50099;;258
58;1;7071;L;3;0;A29;12683;19540;27715;50099;;258
58;1;7073;L;3;0;A3;;15868;20151;50101;;264
58;1;7074;L;3;0;A3;;20151;18999;50101;;264
58;1;7075;L;3;0;A3;;18999;28269;50101;;264
58;1;7076;L;3;0;A3;;28269;8091;50101;;1
58;1;7077;L;3;0;A3;;8091;14349;50101;;1
58;1;7080;L;3;0;A3;;19167;1675;50101;;260
58;1;7081;L;3;0;A30;;21564;19780;50102;;1
58;1;7082;L;3;0;A30;;19780;2820;50102;;1
58;1;7083;L;3;0;A31;;4336;9632;50103;;1
58;1;7084;L;3;0;A31;;9632;15833;50103;;1
58;1;7085;L;3;0;A33;;4667;3778;50104;;277
58;1;7086;L;3;0;A33;;3778;19780;50104;;1
58;1;7088;L;3;0;A37;;10573;17083;50106;;258
58;1;7089;L;3;0;A37;;17083;4952;50106;;258
58;1;7091;L;3;0;A39;;22620;4431;50108;;258
58;1;7092;L;3;0;A39;;4431;28017;50108;;258
58;1;7093;L;3;0;A391;24410;4447;4441;50109;;356
58;1;7095;L;3;0;A395;;2719;27984;50111;;258
58;1;7096;L;3;0;A4;;10912;14349;50112;;287
58;1;7097;L;3;0;A4;;14349;19584;50112;;260
58;1;7099;L;3;0;A4;;2725;7282;50112;;1
58;1;7100;L;3;0;A4;;7282;5363;50112;;1
58;1;7101;L;3;0;A4;;6319;10107;50112;;269
58;1;7102;L;3;0;A40;;26249;6387;50113;;279
58;1;7103;L;3;0;A40;;6387;7467;50113;;279
58;1;7104;L;3;0;A40;;7467;6189;50113;;260
58;1;7106;L;3;0;A43;;28148;21177;50115;;260
58;1;7107;L;3;0;A43;;21177;17850;50115;;292
58;1;7108;L;3;0;A44;;267;17594;50116;;260
58;1;7109;L;3;0;A44;;17594;6519;50116;;279
58;1;7110;L;3;0;A44;;6519;7467;50116;;260
58;1;7111;L;3;0;A44;;6189;13241;50116;;1
58;1;7114;L;3;0;A45;;1728;9132;50119;;1
58;1;7115;L;3;0;A45;;9132;10269;50119;;1
58;1;7116;L;3;0;A45;;10269;6189;50119;;260
58;1;7117;L;3;0;A46;;11090;6519;50120;;260
58;1;7118;L;3;0;A46;;6519;28148;50120;;260
58;1;7120;L;3;0;A46;;10269;11159;50120;;272
58;1;7122;L;3;0;A48;;6291;13841;50122;;262
58;1;7123;L;3;0;A48;;13841;5831;50122;;262
58;1;7124;L;3;0;A480;;9132;21362;50123;;429
58;1;7127;L;3;0;A5;;3151;13184;50126;;263
58;1;7128;L;3;0;A5;;13184;10943;50126;;284
58;1;7129;L;3;0;A5;;10943;5680;50126;;1
58;1;7130;L;3;0;A5;;5680;8091;50126;;275
58;1;7131;L;3;0;A5;;8091;13241;50126;;261
58;1;7133;L;3;0;A52;;21904;17594;50128;;279
58;1;7134;L;3;0;A52;;17594;6519;50128;;279
58;1;7135;L;3;0;A52;;6519;7467;50128;;260
58;1;7147;L;3;0;A57;;14349;14027;50140;;260
58;1;7148;L;3;0;A57;;14027;18760;50140;;279
58;1;7151;L;3;0;A59;;4201;14349;50143;;287
58;1;7152;L;3;0;A59;;14349;6519;50143;;260
58;1;7154;L;3;0;A59;;6387;6014;50143;;279
58;1;7155;L;3;0;A6;;17130;12991;50144;;1
58;1;7156;L;3;0;A6;;12991;16523;50144;;1
58;1;7157;L;3;0;A6;;16523;10994;50144;;1
58;1;7158;L;3;0;A6;;10994;18999;50144;;1
58;1;7159;L;3;0;A6;;18999;20464;50144;;264
58;1;7160;L;3;0;A60;;16331;27926;50145;;262
58;1;7162;L;3;0;A60;;3842;16442;50145;;262
58;1;7163;L;3;0;A60;;16442;22387;50145;;1
58;1;7165;L;3;0;A61;;11665;24264;50147;;623
58;1;7166;L;3;0;A61;;24264;16094;50147;;262
58;1;7167;L;3;0;A61;;16094;13841;50147;;262
58;1;7168;L;3;0;A61;;13841;17594;50147;;1
58;1;7169;L;3;0;A61;;17594;26249;50147;;279
58;1;7170;L;3;0;A62;;18792;15052;50148;;1
58;1;7171;L;3;0;A62;;15052;20482;50148;;262
58;1;7177;L;3;0;A65;;13184;14979;50154;;262
58;1;7178;L;3;0;A65;;14979;16094;50154;;262
58;1;7181;L;3;0;A659;;26311;27128;50157;;1
58;1;7182;L;3;0;A66;;27595;8091;50158;;261
58;1;7183;L;3;0;A66;;8091;8531;50158;;261
58;1;7185;L;3;0;A67;;16523;5680;50160;;261
58;1;7186;L;3;0;A67;;5680;17608;50160;;275
58;1;7189;L;3;0;A7;;8643;25879;50163;;1
58;1;7190;L;3;0;A7;;25879;28269;50163;;1
58;1;7191;L;3;0;A7;;28269;8531;50163;;1
58;1;7192;L;3;0;A7;;13241;10561;50163;;1
58;1;7193;L;3;0;A7;;10561;10428;50163;;1
58;1;7194;L;3;0;A7;;10428;7894;50163;;1
58;1;7196;L;3;0;A70;;23470;3055;50164;;264
58;1;7197;L;3;0;A70;;3055;3228;50164;;295
58;1;7198;L;3;0;A72;;11678;20531;50165;;1
58;1;7199;L;3;0;A72;;20531;28569;50165;;274
58;1;7200;L;3;0;A72;;28569;5363;50165;;274
58;1;7201;L;3;0;A73;;18999;3055;50166;;264
58;1;7202;L;3;0;A8;;16165;22540;50167;;265
58;1;7203;L;3;0;A8;;22540;18383;50167;;265
58;1;7204;L;3;0;A8;;18383;13184;50167;;1
58;1;7206;L;3;0;A8;;13184;24913;50167;;263
58;1;7207;L;3;0;A8;;24913;17776;50167;;1
58;1;7210;L;3;0;A8;;17776;22614;50167;;264
58;1;7213;L;3;0;A81;;24069;24913;50185;;263
58;1;7214;L;3;0;A81;;24913;10994;50185;;300
58;1;7215;L;3;0;A38;;10116;10378;50169;;1
58;1;7216;L;3;0;A72;;5363;15454;50165;;269
58;1;7219;L;3;0;A9;;17776;18999;50173;;264
58;1;7220;L;3;0;A9;;18999;10392;50173;;1
58;1;7221;L;3;0;A9;;10392;3503;50173;;1
58;1;7224;L;3;0;A93;;13444;21990;50175;;294
58;1;7226;L;3;0;A93;;11870;21217;50175;;264
58;1;7227;L;3;0;A93;;21217;27020;50175;;264
58;1;7232;L;3;0;A96;;4485;15767;50179;;264
58;1;7233;L;3;0;A96;;15767;17776;50179;;1
58;1;7235;L;3;0;A98;;27059;25498;50180;;280
58;1;7238;L;3;0;A98;;22807;24720;50180;;280
58;1;7240;L;3;0;A99;1920;17811;17799;50183;;294
58;1;7241;L;3;0;A99;1920;17799;17810;50183;;294
58;1;7738;L;3;0;S2162;;20633;18278;61324;;572
58;1;7739;L;3;0;S2162;;18278;20205;61324;;264
58;1;7750;L;3;0;S2178;;26688;22999;7749;;723
58;1;7751;L;3;0;S2178;;22999;23819;7749;;723
58;1;7760;L;3;0;S2192;;11571;11678;7759;;295
58;1;7761;L;3;0;S2192;;11678;1726;7759;;295
58;1;7898;L;3;0;S2210;;5055;22929;7897;;334
58;1;7899;L;3;0;S2210;;22929;27164;7897;;295
58;1;7997;L;3;0;L2;;20325;7084;7990;;258
58;1;7998;L;3;0;L2;;7084;18013;7990;;258
58;1;8011;L;3;0;L434;;11160;11434;8010;;449
58;1;8012;L;3;0;L434;;11434;21270;8010;;258
58;1;8072;L;3;0;B469;;1360;28231;8863;;540
58;1;8073;L;3;0;B469;;28231;24733;8863;;303
58;1;8074;L;3;0;B469;;24733;16429;8863;;1
58;1;8421;L;3;0;A81;;22807;24069;50185;;491
58;1;8422;L;3;0;A81;;10994;28269;50185;;1
58;1;8424;L;3;0;B1;;16355;267;50187;;306
58;1;8425;L;3;0;B1;;18426;6519;50187;;279
58;1;8426;L;3;0;B1;;6519;7467;50187;;260
58;1;8427;L;3;0;B1;;6189;24124;50187;;272
58;1;8428;L;3;0;B1;;24124;20007;50187;;260
58;1;8429;L;3;0;B1;;20007;4038;50187;;277
58;1;8430;L;3;0;B1;;4038;10481;50187;;1
58;1;8431;L;3;0;B1;;11490;4431;50187;;258
58;1;8432;L;3;0;B1;;4431;16371;50187;;1
58;1;8433;L;3;0;B1;;16371;4392;50187;;1
58;1;8434;L;3;0;B1;;4392;28316;50187;;1
58;1;8435;L;3;0;B1;;28316;17255;50187;;266
58;1;8436;L;3;0;B1;;17255;3797;50187;;266
58;1;8437;L;3;0;B1;;3797;14549;50187;;1
58;1;8438;L;3;0;B10;;15328;20482;50188;;265
58;1;8439;L;3;0;B10;;20482;13184;50188;;1
58;1;8441;L;3;0;B10;;24913;25879;50188;;263
58;1;8442;L;3;0;B10;;25879;1851;50188;;1
58;1;8444;L;3;0;B101;;16940;9788;50190;;269
58;1;8445;L;3;0;B101;;9788;2783;50190;;1
58;1;8446;L;3;0;B101;;2783;25607;50190;;267
58;1;8447;L;3;0;B101;;25607;16601;50190;;1
58;1;8448;L;3;0;B102;;16035;25648;50191;;267
58;1;8449;L;3;0;B102;;25648;4393;50191;;267
58;1;8450;L;3;0;B102;;4393;5174;50191;;267
58;1;8451;L;3;0;B103;;14320;20528;50192;;1
58;1;8452;L;3;0;B103;;20528;22016;50192;;268
58;1;8453;L;3;0;B103;;22016;22026;50192;;268
58;1;8454;L;3;0;B104;;16254;23504;50193;;256
58;1;8455;L;3;0;B104;;10163;18126;50193;;268
58;1;8456;L;3;0;B104;;18126;9558;50193;;14291
58;1;8457;L;3;0;B105;;23847;27869;50194;;268
58;1;8458;L;3;0;B105;;21655;24785;50194;;268
58;1;8460;L;3;0;B107;;6845;2669;50196;;288
58;1;8461;L;3;0;B107;;2669;8928;50196;;1
58;1;8462;L;3;0;B107;;8928;20780;50196;;1
58;1;8463;L;3;0;B109;;3503;28375;50197;;1
58;1;8464;L;3;0;B109;;16231;9525;50197;;1
58;1;8465;L;3;0;B11;;17289;28013;50198;;294
58;1;8467;L;3;0;B11;;17776;15040;50198;;264
58;1;8469;L;3;0;B11;;5759;20464;50198;;264
58;1;8470;L;3;0;B110;;22016;5804;50199;;268
58;1;8471;L;3;0;B110;;5804;8759;50199;;268
58;1;8474;L;3;0;B115;;10107;8020;50202;;1
58;1;8475;L;3;0;B115;;16248;12874;50202;;267
58;1;8476;L;3;0;B12;;15767;13391;50203;;1
58;1;8477;L;3;0;B12;;13391;17776;50203;;264
58;1;8479;L;3;0;B12;;17776;17680;50203;;294
58;1;8480;L;3;0;B12;;17680;20151;50203;;264
58;1;8482;L;3;0;B12;;20151;8316;50203;;264
58;1;8484;L;3;0;B13;;460;2894;50205;;264
58;1;8485;L;3;0;B13;;2894;17776;50205;;294
58;1;8486;L;3;0;B13;;17776;12549;50205;;294
58;1;8487;L;3;0;B13;;12549;27192;50205;;264
58;1;8488;L;3;0;B13;;27192;1504;50205;;291
58;1;8489;L;3;0;B13;;1504;28269;50205;;264
58;1;8490;L;3;0;B14;;24720;22124;50206;;280
58;1;8492;L;3;0;B14;;24913;2608;50206;;263
58;1;8493;L;3;0;B14;;23543;7777;50206;;263
58;1;8494;L;3;0;B14;;1504;18999;50206;;291
58;1;8495;L;3;0;B14;;18999;20464;50206;;264
58;1;8497;L;3;0;B15;;21990;15040;50207;;264
58;1;8498;L;3;0;B15;;15040;21217;50207;;264
58;1;8499;L;3;0;B15;;21217;23367;50207;;296
58;1;8500;L;3;0;B15;;957;25520;50207;;296
58;1;8501;L;3;0;B15;;25520;17300;50207;;679
58;1;8505;L;3;0;B16;;8642;13309;50210;;299
58;1;8506;L;3;0;B16;;13309;10155;50210;;299
58;1;8507;L;3;0;B16;;10155;6120;50210;;264
58;1;8509;L;3;0;B16;;12549;21217;50210;;264
58;1;8510;L;3;0;B16;;21217;21901;50210;;296
58;1;8511;L;3;0;B167;;5174;16230;50211;;267
58;1;8512;L;3;0;B167;;16230;15333;50211;;267
58;1;8514;L;3;0;B169;;18220;1798;50212;;274
58;1;8515;L;3;0;B169;;6450;7048;50212;;1
58;1;8516;L;3;0;B169;;7048;5496;50212;;267
58;1;8517;L;3;0;B17;;21501;15025;50213;;264
58;1;8518;L;3;0;B17;;15025;1851;50213;;264
58;1;8521;L;3;0;B173;;11678;28569;50215;;1
58;1;8522;L;3;0;B173;;28569;5363;50215;;274
58;1;8523;L;3;0;B173;;5363;6319;50215;;269
58;1;8524;L;3;0;B175;;9782;9217;50216;;1
58;1;8525;L;3;0;B175;;9217;21863;50216;;274
58;1;8526;L;3;0;B175;;6450;18926;50216;;269
58;1;8531;L;3;0;B180;;8053;24747;50219;;274
58;1;8532;L;3;0;B180;;910;17955;50219;;1
58;1;8533;L;3;0;B180;;17955;16158;50219;;270
58;1;8534;L;3;0;B180;;16158;26848;50219;;270
58;1;8536;L;3;0;B183;;14503;2669;50221;;1
58;1;8537;L;3;0;B183;;2669;2783;50221;;1
58;1;8538;L;3;0;B184;;14428;5837;50222;;270
58;1;8539;L;3;0;B184;;5837;15454;50222;;1
58;1;8540;L;3;0;B185;;675;3623;50223;;270
58;1;8541;L;3;0;B185;;3623;5837;50223;;270
58;1;8542;L;3;0;B187;;22149;4401;50224;;270
58;1;8543;L;3;0;B188;;28017;8731;50225;;258
58;1;8544;L;3;0;B188;;8731;4660;50225;;1
58;1;8545;L;3;0;B189;;16371;24661;50226;;270
58;1;8546;L;3;0;B189;;24661;27909;50226;;1
58;1;8548;L;3;0;B19;;25879;282;50227;;263
58;1;8549;L;3;0;B19;;282;23543;50227;;263
58;1;8550;L;3;0;B19;;23543;2792;50227;;263
58;1;8551;L;3;0;B19;;28269;23470;50227;;303
58;1;8552;L;3;0;B19;;17839;6895;50227;;271
58;1;8553;L;3;0;B191;;5337;25832;50228;;258
58;1;8554;L;3;0;B191;;5654;20067;50228;;1
58;1;8555;L;3;0;B191;;20067;20528;50228;;2106
58;1;8556;L;3;0;B192;;27869;24679;50229;;268
58;1;8557;L;3;0;B192;;24679;16481;50229;;268
58;1;8558;L;3;0;B192;;16481;18126;50229;;268
58;1;8559;L;3;0;B195;;28306;18273;50230;;14292
58;1;8560;L;3;0;B195;;18273;27909;50230;;1
58;1;8561;L;3;0;B198;;20528;18479;50231;;268
58;1;8562;L;3;0;B198;;18479;9471;50231;;1
58;1;8563;L;3;0;B198;;9471;1478;50231;;686
58;1;8564;L;3;0;B2;;17289;27082;50232;;294
58;1;8565;L;3;0;B2;;27082;17776;50232;;294
58;1;8566;L;3;0;B2;;17776;1851;50232;;264
58;1;8567;L;3;0;B2;;1851;6120;50232;;299
58;1;8568;L;3;0;B2;;27192;18999;50232;;291
58;1;8569;L;3;0;B2;;18999;3228;50232;;264
58;1;8570;L;3;0;B2;;3228;11678;50232;;295
58;1;8571;L;3;0;B2;;11678;8966;50232;;1
58;1;8572;L;3;0;B2;;8966;15454;50232;;1
58;1;8573;L;3;0;B2;;15454;2669;50232;;269
58;1;8574;L;3;0;B2;;27906;20685;50232;;267
58;1;8575;L;3;0;B2;;20685;24225;50232;;1
58;1;8576;L;3;0;B2;;24225;25501;50232;;266
58;1;8577;L;3;0;B2;;25501;27202;50232;;266
58;1;8578;L;3;0;B2;;27202;260;50232;;1
58;1;8579;L;3;0;B2;;23152;22009;50232;;686
58;1;8580;L;3;0;B20;;14457;3421;50233;;339
58;1;8581;L;3;0;B20;;3421;4977;50233;;294
58;1;8582;L;3;0;B20;;4977;24801;50233;;264
58;1;8583;L;3;0;B20;;24801;20464;50233;;264
58;1;8584;L;3;0;B202;;22718;21417;50234;;256
58;1;8585;L;3;0;B202;;13448;19542;50234;;256
58;1;8586;L;3;0;B203;;5241;21417;50235;;256
58;1;8587;L;3;0;B203;;21417;13116;50235;;256
58;1;8589;L;3;0;B207;;10433;16254;50237;;1
58;1;8590;L;3;0;B207;;11013;7696;50237;;256
58;1;8591;L;3;0;B208;;2821;21109;50238;;256
58;1;8592;L;3;0;B208;;21109;27869;50238;;1
58;1;8593;L;3;0;B209;;18722;2696;50239;;258
58;1;8594;L;3;0;B209;;24148;16302;50239;;258
58;1;8595;L;3;0;B209;;16302;23421;50239;;1
58;1;8596;L;3;0;B21;;15916;2839;51233;;264
58;1;8597;L;3;0;B210;;7084;27932;50241;;258
58;1;8599;L;3;0;B212;;18823;4591;50243;;1
58;1;8600;L;3;0;B213;;18853;15832;50244;;258
58;1;8601;L;3;0;B213;;5436;5795;50244;;258
58;1;8602;L;3;0;B214;;15832;5927;50245;;258
58;1;8603;L;3;0;B214;;5927;18723;50245;;258
58;1;8604;L;3;0;B214;;5337;4431;50245;;258
58;1;8605;L;3;0;B215;;25817;18723;50246;;258
58;1;8608;L;3;0;B22;;28269;3055;50249;;264
58;1;8609;L;3;0;B22;;3055;3228;50249;;295
58;1;8610;L;3;0;B22;;3228;27020;50249;;264
58;1;8611;L;3;0;B22;;27020;5349;50249;;296
58;1;8617;L;3;0;B224;;26225;7467;50254;;279
58;1;8620;L;3;0;B229;;15100;16282;50257;;260
58;1;8621;L;3;0;B229;;16282;24124;50257;;272
58;1;8626;L;3;0;B236;;3169;15527;50262;;1
58;1;8627;L;3;0;B236;;15527;23510;50262;;272
58;1;8628;L;3;0;B236;;23510;16312;50262;;272
58;1;8629;L;3;0;B239;;12274;5848;50263;;277
58;1;8630;L;3;0;B239;;5848;11256;50263;;277
58;1;8631;L;3;0;B241;;26850;18913;50264;;1
58;1;8632;L;3;0;B241;;18913;19835;50264;;258
58;1;8633;L;3;0;B241;;19835;26296;50264;;258
58;1;8635;L;3;0;B246;;14428;27622;50266;;1
58;1;8636;L;3;0;B246;;27622;17293;50266;;267
58;1;8637;L;3;0;B246;;17293;3288;50266;;267
58;1;8639;L;3;0;B247;;19521;9400;50268;;271
58;1;8640;L;3;0;B247;;9400;13279;50268;;1
58;1;8641;L;3;0;B248;;18913;4431;50269;;258
58;1;8642;L;3;0;B248;;28017;5654;50269;;258
58;1;8643;L;3;0;B25;;6120;7777;50270;;264
58;1;8644;L;3;0;B25;;7777;28220;50270;;319
58;1;8645;L;3;0;B251;;4667;13941;50271;;1
58;1;8646;L;3;0;B252;;16562;13941;50272;;261
58;1;8647;L;3;0;B252;;2618;26850;50272;;1
58;1;8648;L;3;0;B253;;5984;3767;50273;;261
58;1;8649;L;3;0;B254;;8531;768;50274;;261
58;1;8650;L;3;0;B254;;768;13241;50274;;261
58;1;8651;L;3;0;B255;;17370;21434;50275;;1
58;1;8652;L;3;0;B256;;16836;18501;50276;;262
58;1;8653;L;3;0;B256;;18501;26602;50276;;1
58;1;8654;L;3;0;B256;;26602;27859;50276;;574
58;1;8655;L;3;0;B257;;6615;3947;50277;;262
58;1;8656;L;3;0;B257;;25891;13346;50277;;262
58;1;8657;L;3;0;B257;;13346;16856;50277;;262
58;1;8658;L;3;0;L98;;16836;13841;55541;;262
58;1;8659;L;3;0;B258;;3985;267;50278;;287
58;1;8661;L;3;0;B26;;5680;1728;50280;;1
58;1;8662;L;3;0;B26;;1728;23470;50280;;303
58;1;8663;L;3;0;B26;;23470;3055;50280;;264
58;1;8664;L;3;0;B264;;267;6504;50281;;287
58;1;8665;L;3;0;B264;;6504;14349;50281;;287
58;1;8666;L;3;0;B265;;20817;28601;50282;;1
58;1;8667;L;3;0;B265;;28601;14349;50282;;287
58;1;8668;L;3;0;B266;;15868;2816;50283;;262
58;1;8669;L;3;0;B266;;21548;24044;50283;;287
58;1;8671;L;3;0;B268;;22504;16013;50285;;265
58;1;8672;L;3;0;B268;;16013;25671;50285;;1
58;1;8673;L;3;0;B269;;9570;3879;50286;;265
58;1;8674;L;3;0;B269;;3879;3641;50286;;262
58;1;8675;L;3;0;B27;;22807;26336;50287;;263
58;1;8676;L;3;0;B27;;3037;25784;50287;;263
58;1;8677;L;3;0;B27;;25784;24913;50287;;263
58;1;8678;L;3;0;B27;;24913;10994;50287;;263
58;1;8679;L;3;0;B27;;17443;25253;50287;;263
58;1;8680;L;3;0;B27;;28269;13207;50287;;303
58;1;8682;L;3;0;B27;;27951;10116;50287;;1
58;1;8683;L;3;0;B27;;10116;4423;50287;;258
58;1;8684;L;3;0;B27;;4423;3968;50287;;270
58;1;8687;L;3;0;B273;;20685;244;50290;;267
58;1;8688;L;3;0;B273;;17947;14062;50290;;267
58;1;8689;L;3;0;B273;;14062;26820;50290;;267
58;1;8690;L;3;0;B275;;2853;26114;50291;;275
58;1;8692;L;3;0;B275;;8327;7922;50291;;261
58;1;8693;L;3;0;B276;;2827;17645;50292;;1
58;1;8694;L;3;0;B277;;23951;5984;50293;;261
58;1;8696;L;3;0;B28;;11342;25784;50294;;263
58;1;8697;L;3;0;B28;;21491;2897;50294;;263
58;1;8698;L;3;0;B28;;18110;11607;50294;;553
58;1;8700;L;3;0;B281;;6917;22494;50296;;271
58;1;8701;L;3;0;B286;;16652;23470;50297;;264
58;1;8703;L;3;0;B286;;23470;2651;50297;;303
58;1;8705;L;3;0;B290;;282;5508;50299;;300
58;1;8706;L;3;0;B290;;5508;2792;50299;;300
58;1;8707;L;3;0;B292;;2857;24088;50300;;284
58;1;8708;L;3;0;B292;;17443;15237;50300;;263
58;1;8709;L;3;0;B294;;8210;10735;50301;;280
58;1;8710;L;3;0;B294;;10735;8300;50301;;263
58;1;8713;L;3;0;B299;;946;15040;50303;;264
58;1;8714;L;3;0;B299;;15040;18447;50303;;293
58;1;8715;L;3;0;B299;;1338;9453;50303;;296
58;1;8718;L;3;0;B3;;27059;8210;50305;;280
58;1;8719;L;3;0;B3;;8210;7105;50305;;280
58;1;8720;L;3;0;B3;;19471;464;50305;;263
58;1;8721;L;3;0;B3;;2953;7531;50305;;284
58;1;8722;L;3;0;B3;;13184;10943;50305;;284
58;1;8723;L;3;0;B3;;10943;5680;50305;;1
58;1;8724;L;3;0;B3;;5680;19454;50305;;275
58;1;8725;L;3;0;B3;;8091;8327;50305;;261
58;1;8726;L;3;0;B3;;16562;13241;50305;;261
58;1;8727;L;3;0;B3;;13241;10116;50305;;1
58;1;8728;L;3;0;B3;;10116;18913;50305;;258
58;1;8729;L;3;0;B3;;7072;10561;50305;;258
58;1;8730;L;3;0;B3;;10561;5337;50305;;258
58;1;8731;L;3;0;B3;;5337;24148;50305;;258
58;1;8732;L;3;0;B3;;24148;5072;50305;;258
58;1;8733;L;3;0;B300;;16987;1851;50306;;299
58;1;8735;L;3;0;B300;;1851;595;50306;;299
58;1;8736;L;3;0;B300;;8841;17832;50306;;602
58;1;8740;L;3;0;B304;;5574;17776;50308;;294
58;1;8741;L;3;0;B304;;17776;26909;50308;;294
58;1;8742;L;3;0;B304;;26909;8266;50308;;294
58;1;8743;L;3;0;B305;;3614;21368;50309;;294
58;1;8744;L;3;0;B305;;21368;3421;50309;;294
58;1;8745;L;3;0;B305;;3421;22614;50309;;264
58;1;8747;L;3;0;B308;20912;15767;24190;50311;;299
58;1;8748;L;3;0;B308;20912;24190;11539;50311;;264
58;1;8753;L;3;0;B312;;17133;24913;50314;;263
58;1;8754;L;3;0;B313;;24720;24012;50315;;263
58;1;8755;L;3;0;B313;;24012;21491;50315;;263
58;1;8758;L;3;0;B32;;15787;26833;50318;;1
58;1;8760;L;3;0;B32;;10873;11988;50318;;263
58;1;8761;L;3;0;B321;;20779;23504;50319;;268
58;1;8762;L;3;0;B321;;23504;24980;50319;;1
58;1;8765;L;3;0;B326;;18426;6519;50321;;393
58;1;8767;L;3;0;B33;;21142;13926;50323;;263
58;1;8768;L;3;0;B33;;13926;24069;50323;;491
58;1;8771;L;3;0;B34;;9542;22808;50324;;280
58;1;8772;L;3;0;B34;;22808;24069;50324;;280
58;1;8773;L;3;0;B35;;12415;4628;50325;;284
58;1;8774;L;3;0;B35;;4628;9005;50325;;1
58;1;8775;L;3;0;B36;;14942;13330;50326;;263
58;1;8776;L;3;0;B36;;21060;13184;50326;;284
58;1;8777;L;3;0;B36;;13184;16523;50326;;284
58;1;8778;L;3;0;B37;;16094;16523;50327;;1
58;1;8779;L;3;0;B37;;16523;10943;50327;;284
58;1;8781;L;3;0;B38;;16523;26314;50328;;1
58;1;8782;L;3;0;B39;;8078;11665;50329;;1
58;1;8783;L;3;0;B39;;27639;10994;50329;;263
58;1;8784;L;3;0;B39;;10994;16424;50329;;300
58;1;8785;L;3;0;B4;;18999;3055;51232;;264
58;1;8786;L;3;0;B4;;3055;5445;51232;;295
58;1;8787;L;3;0;B4;;5445;7282;51232;;1
58;1;8788;L;3;0;B4;;7282;18844;51232;;271
58;1;8789;L;3;0;B4;;18844;2719;51232;;1
58;1;8790;L;3;0;B4;;2719;4431;51232;;258
58;1;8791;L;3;0;B4;;9147;25832;51232;;258
58;1;8792;L;3;0;B4;;25832;16302;51232;;258
58;1;8793;L;3;0;B4;;16302;10428;51232;;258
58;1;8794;L;3;0;B4;;10428;2649;51232;;1
58;1;8796;L;3;0;B40;;22504;21920;50331;;265
58;1;8798;L;3;0;B40;;16442;8098;50331;;1
58;1;8799;L;3;0;B40;;8099;16439;50331;;261
58;1;8804;L;3;0;B404;;16302;23421;50336;;1
58;1;8805;L;3;0;B404;;23421;3092;50336;;256
58;1;8806;L;3;0;B404;;3092;13448;50336;;256
58;1;8812;L;3;0;B41;;22504;12362;50342;;1
58;1;8813;L;3;0;B41;;12362;2864;50342;;262
58;1;8816;L;3;0;B42;;5680;9729;50345;;261
58;1;8817;L;3;0;B42;;13841;4201;50345;;1
58;1;8818;L;3;0;B420;;19968;8199;50346;;1
58;1;8819;L;3;0;B420;;8199;18742;50346;;262
58;1;8820;L;3;0;B421;;16738;13494;50347;;262
58;1;8821;L;3;0;B421;;13494;28334;50347;;262
58;1;8822;L;3;0;B421;;24433;16013;50347;;1
58;1;8823;L;3;0;B423;;10223;11961;50348;;265
58;1;8824;L;3;0;B423;;11961;923;50348;;496
58;1;8825;L;3;0;B426;;9017;12180;50349;;1
58;1;8828;L;3;0;B43;;27595;22387;50352;;1
58;1;8829;L;3;0;B430;;22899;18373;50353;;256
58;1;8830;L;3;0;B430;;18373;16322;50353;;256
58;1;8833;L;3;0;B432;;10428;2861;50355;;1
58;1;8834;L;3;0;B432;;2861;22837;50355;;256
58;1;8836;L;3;0;B436;;4906;15355;50357;;504
58;1;8837;L;3;0;B436;;11416;22649;50357;;258
58;1;8838;L;3;0;B437;;8338;21885;50358;;258
58;1;8840;L;3;0;B44;;16094;16523;50360;;1
58;1;8841;L;3;0;B441;;25816;28141;50361;;258
58;1;8842;L;3;0;B442;;5481;2811;50362;;258
58;1;8843;L;3;0;B443;;20169;23805;50363;;451
58;1;8844;L;3;0;B444;;9482;20209;50364;;258
58;1;8847;L;3;0;B45;;6560;17173;50366;;275
58;1;8848;L;3;0;B455;;16450;14462;50367;;275
58;1;8849;L;3;0;B455;;14462;19339;50367;;468
58;1;8850;L;3;0;B455;;8327;18537;50367;;261
58;1;8851;L;3;0;B456;;19339;26114;50368;;261
58;1;8852;L;3;0;B457;;18537;9132;50369;;261
58;1;8861;L;3;0;B466;;18985;23315;50377;;264
58;1;8864;L;3;0;B47;;26935;28091;50380;;262
58;1;8865;L;3;0;B47;;28091;3398;50380;;1
58;1;8866;L;3;0;B470;;21286;2924;50381;;291
58;1;8867;L;3;0;B470;;20205;27020;50381;;264
58;1;8868;L;3;0;B471;;12573;8601;50382;;294
58;1;8869;L;3;0;B471;;8601;19288;50382;;294
58;1;8870;L;3;0;B471;;19288;8724;50382;;548
58;1;8871;L;3;0;B471;;10197;25262;50382;;548
58;1;8872;L;3;0;B472;;16670;20218;50383;;264
58;1;8873;L;3;0;B472;;20218;2894;50383;;294
58;1;8874;L;3;0;B472;;2894;12614;50383;;294
58;1;8876;L;3;0;B474;;19573;6499;50385;;369
58;1;8877;L;3;0;B474;;6499;9632;50385;;292
58;1;8878;L;3;0;B475;;24124;26856;50386;;260
58;1;8879;L;3;0;B475;;26856;9199;50386;;1
58;1;8880;L;3;0;B475;;9199;21564;50386;;670
58;1;8883;L;3;0;B48;;2633;7200;50389;;262
58;1;8884;L;3;0;B48;;2747;3842;50389;;262
58;1;8885;L;3;0;B480;;7355;2635;50390;;272
58;1;8886;L;3;0;B480;;27839;20007;50390;;260
58;1;8892;L;3;0;B49;;9559;25671;50396;;1
58;1;8893;L;3;0;B49;;27926;5454;50396;;262
58;1;8894;L;3;0;B49;;15741;9132;50396;;262
58;1;8895;L;3;0;B49;;9132;768;50396;;281
58;1;8897;L;3;0;B5;;9552;10933;50398;;256
58;1;8898;L;3;0;B5;;10933;12665;50398;;256
58;1;8899;L;3;0;B5;;10458;10463;50398;;1
58;1;8900;L;3;0;B5;;10463;4176;50398;;1
58;1;8901;L;3;0;B5;;4176;16107;50398;;14292
58;1;8902;L;3;0;B5;;16107;14320;50398;;1
58;1;8903;L;3;0;B5;;14320;17947;50398;;267
58;1;8904;L;3;0;B5;;17947;5353;50398;;1
58;1;8905;L;3;0;B5;;5353;17255;50398;;266
58;1;8906;L;3;0;B5;;17255;3797;50398;;266
58;1;8907;L;3;0;B5;;3797;8124;50398;;1
58;1;8908;L;3;0;B50;;9559;3947;50399;;262
58;1;8909;L;3;0;B50;;27926;3641;50399;;262
58;1;8916;L;3;0;B51;;9555;22504;50405;;265
58;1;8917;L;3;0;B51;;22504;25671;50405;;1
58;1;8918;L;3;0;B51;;25671;3947;50405;;1
58;1;8919;L;3;0;B51;;20817;14349;50405;;1
58;1;8920;L;3;0;B51;;14349;4086;50405;;260
58;1;8922;L;3;0;B51;;17850;19780;50405;;1
58;1;8923;L;3;0;B51;;19780;5927;50405;;258
58;1;8924;L;3;0;B51;;5927;27547;50405;;382
58;1;8934;L;3;0;B54;;15741;23951;50414;;1
58;1;8935;L;3;0;B54;;23951;16282;50414;;272
58;1;8936;L;3;0;B54;;16282;6189;50414;;272
58;1;8937;L;3;0;B54;;27340;24607;50414;;292
58;1;8938;L;3;0;B54;;24607;9553;50414;;292
58;1;8940;L;3;0;B55;;663;19584;50416;;260
58;1;8941;L;3;0;B55;;19584;26880;50416;;272
58;1;8942;L;3;0;B55;;26880;21514;50416;;260
58;1;8944;L;3;0;B56;;24110;6504;50418;;287
58;1;8945;L;3;0;B56;;6504;4201;50418;;287
58;1;8946;L;3;0;B56;;4201;7182;50418;;287
58;1;8947;L;3;0;B57;;267;17594;50419;;260
58;1;8948;L;3;0;B57;;21549;13734;50419;;279
58;1;8949;L;3;0;B58;;24778;27376;50420;;279
58;1;8950;L;3;0;B58;;27376;10415;50420;;260
58;1;8951;L;3;0;B58;;10415;3267;50420;;292
58;1;8954;L;3;0;B6;27395;8802;28133;50423;;991
58;1;8955;L;3;0;B6;;4554;18722;50423;;1
58;1;8956;L;3;0;B6;;18722;10561;50423;;258
58;1;8957;L;3;0;B6;;10561;11490;50423;;258
58;1;8958;L;3;0;B6;;11490;9386;50423;;258
58;1;8959;L;3;0;B6;;9386;27350;50423;;1
58;1;8961;L;3;0;B6;;1744;14477;50423;;270
58;1;8962;L;3;0;B6;;10378;15454;50423;;1
58;1;8963;L;3;0;B6;;15454;28166;50423;;288
58;1;8964;L;3;0;B6;;16940;6319;50423;;278
58;1;8965;L;3;0;B6;;6319;3206;50423;;278
58;1;8966;L;3;0;B6;;3206;10107;50423;;278
58;1;8967;L;3;0;B61;;16312;3267;50424;;260
58;1;8968;L;3;0;B61;;3267;3778;50424;;260
58;1;8969;L;3;0;B61;;3778;11256;50424;;277
58;1;8971;L;3;0;B62;;3767;16562;50425;;281
58;1;8972;L;3;0;B62;;768;3084;50425;;1
58;1;8974;L;3;0;B64;;25312;21514;50427;;260
58;1;8975;L;3;0;B64;;21514;20007;50427;;277
58;1;8976;L;3;0;B64;;11938;23780;50427;;258
58;1;8977;L;3;0;B65;;19780;17219;50428;;1
58;1;8978;L;3;0;B65;;17219;2811;50428;;1
58;1;8979;L;3;0;B65;;2811;10561;50428;;258
58;1;8980;L;3;0;B65;;10561;4431;50428;;258
58;1;8981;L;3;0;B66;;3783;3782;50429;;345
58;1;8983;L;3;0;B525;;5456;18934;50572;;369
58;1;8984;L;3;0;B68;;26850;20007;50431;;277
58;1;8985;L;3;0;B68;;3778;19780;50431;;1
58;1;8986;L;3;0;B68;;19780;5436;50431;;258
58;1;8989;L;3;0;B7;;17594;28148;50434;;260
58;1;8990;L;3;0;B7;;28148;10269;50434;;272
58;1;8991;L;3;0;B7;;12627;1680;50434;;272
58;1;8992;L;3;0;B7;;17078;26850;50434;;260
58;1;8993;L;3;0;B7;;11435;6895;50434;;261
58;1;8994;L;3;0;B7;;6895;7282;50434;;271
58;1;8995;L;3;0;B7;;7282;12728;50434;;271
58;1;8996;L;3;0;B7;;12728;910;50434;;271
58;1;8997;L;3;0;B7;;910;21863;50434;;1
58;1;8998;L;3;0;B70;;27376;9632;50435;;260
58;1;8999;L;3;0;B70;;10904;21564;50435;;292
58;1;9000;L;3;0;B70;;21564;17021;50435;;1
58;1;9001;L;3;0;B70;;17021;7084;50435;;258
58;1;9003;L;3;0;B71;;16371;5362;50436;;270
58;1;9004;L;3;0;B71;;5362;22636;50436;;2304
58;1;9005;L;3;0;B71;;22636;25832;50436;;1
58;1;9006;L;3;0;B71;;25832;24148;50436;;258
58;1;9007;L;3;0;B71;;24148;28389;50436;;258
58;1;9008;L;3;0;B71;;28389;4591;50436;;1
58;1;9009;L;3;0;B72;;23201;7814;50437;;258
58;1;9010;L;3;0;B72;;7814;18814;50437;;258
58;1;9011;L;3;0;B73;;10428;24382;50438;;257
58;1;9012;L;3;0;B74;;3627;4554;50439;;1
58;1;9013;L;3;0;B75;;5795;4554;50440;;1
58;1;9014;L;3;0;B75;;4554;4861;50440;;1
58;1;9015;L;3;0;B75;;4861;10428;50440;;1
58;1;9016;L;3;0;B75;;10428;25603;50440;;1
58;1;9017;L;3;0;B76;;16254;7582;50441;;256
58;1;9018;L;3;0;B76;;7582;13448;50441;;256
58;1;9019;L;3;0;B76;;13448;23055;50441;;256
58;1;9020;L;3;0;B77;;12665;21417;50442;;256
58;1;9021;L;3;0;B77;;21417;23055;50442;;256
58;1;9023;L;3;0;B8;;20151;20513;50444;;293
58;1;9024;L;3;0;B8;;20513;21217;50444;;264
58;1;9025;L;3;0;B8;;21217;18358;50444;;296
58;1;9026;L;3;0;B8;;18358;18999;50444;;264
58;1;9027;L;3;0;B8;;18999;18452;50444;;291
58;1;9028;L;3;0;B8;;18452;28269;50444;;264
58;1;9029;L;3;0;B8;;16666;27370;50444;;303
58;1;9030;L;3;0;B8;;1728;10521;50444;;1
58;1;9031;L;3;0;B8;;2656;15741;50444;;261
58;1;9032;L;3;0;B8;;15741;937;50444;;1
58;1;9033;L;3;0;B8;;937;14349;50444;;287
58;1;9034;L;3;0;B8;;14349;6519;50444;;260
58;1;9036;L;3;0;B8;;6387;7111;50444;;260
58;1;9037;L;3;0;B82;;21647;9386;50445;;258
58;1;9038;L;3;0;B82;;9386;23649;50445;;258
58;1;9039;L;3;0;B83;;2740;12274;50446;;1
58;1;9040;L;3;0;B83;;12274;10481;50446;;258
58;1;9041;L;3;0;B84;;26146;6895;50447;;1
58;1;9042;L;3;0;B84;;6895;24164;50447;;271
58;1;9043;L;3;0;B85;;20151;21213;50448;;293
58;1;9044;L;3;0;B85;;21213;5349;50448;;264
58;1;9045;L;3;0;B85;;5349;1338;50448;;296
58;1;9046;L;3;0;B85;;1338;3228;50448;;264
58;1;9047;L;3;0;B85;;3228;14151;50448;;295
58;1;9048;L;3;0;B85;;14151;22494;50448;;1
58;1;9049;L;3;0;B87;;12422;17955;50449;;1
58;1;9050;L;3;0;B87;;15454;25568;50449;;288
58;1;9051;L;3;0;B87;;25568;16035;50449;;1
58;1;9052;L;3;0;B87;;16035;8124;50449;;267
58;1;9053;L;3;0;B88;;12728;17955;50450;;1
58;1;9054;L;3;0;B9;;28229;16094;50451;;262
58;1;9056;L;3;0;B9;;16442;13841;50451;;262
58;1;9057;L;3;0;B9;;13841;4201;50451;;1
58;1;9058;L;3;0;B9;;14349;6519;50451;;260
58;1;9059;L;3;0;B9;;6519;14027;50451;;279
58;1;9066;L;3;0;B96;;3206;12065;50458;;278
58;1;9067;L;3;0;B96;;12065;16035;50458;;1
58;1;9068;L;3;0;B96;;16035;16391;50458;;1
58;1;9069;L;3;0;B96;;16391;14093;50458;;1
58;1;9070;L;3;0;B96;;14093;21348;50458;;1
58;1;9071;L;3;0;B96;;21348;8598;50458;;1
58;1;9072;L;3;0;B96;;8598;18126;50458;;1
58;1;9074;L;3;0;B96;;892;22755;50458;;268
58;1;9075;L;3;0;B96a;;16391;25638;50459;;1
58;1;9076;L;3;0;B96a;;25638;17255;50459;;266
58;1;9077;L;3;0;B96a;;17255;19636;50459;;1
58;1;9078;L;3;0;B97;;6319;12065;50460;;278
58;1;9079;L;3;0;B97;;12065;193;50460;;1
58;1;9080;L;3;0;B97;;248;9992;50460;;267
58;1;9081;L;3;0;B98;;5017;19618;50461;;278
58;1;9086;L;3;0;B171;;28048;19536;50466;;269
58;1;9089;L;3;0;B176;;2773;25074;50469;;271
58;1;9090;L;3;0;B176;;25074;27198;50469;;1
58;1;9091;L;3;0;B176;;27198;10681;50469;;1
58;1;9092;L;3;0;B178;;28449;19109;50470;;433
58;1;9093;L;3;0;B182;;21777;25568;50471;;269
58;1;9094;L;3;0;B182;;25568;27907;50471;;1
58;1;9095;L;3;0;B183A;;4488;5789;50472;;1
58;1;9100;L;3;0;B194;;26855;5804;50477;;268
58;1;9101;L;3;0;B194;;5804;24785;50477;;268
58;1;9105;L;3;0;B199;;18553;7894;50481;;256
58;1;9106;L;3;0;B199;;13721;10106;50481;;268
58;1;9107;L;3;0;B201;;12151;23055;50482;;256
58;1;9108;L;3;0;B216;;16302;5593;50483;;518
58;1;9109;L;3;0;B242;;23780;4423;50484;;434
58;1;9110;L;3;0;B242;;4423;6922;50484;;270
58;1;9111;L;3;0;B244;;6952;23649;50485;;270
58;1;9112;L;3;0;B244;;23649;10555;50485;;258
58;1;9114;L;3;0;B289;;5445;14237;50487;;295
58;1;9115;L;3;0;B289;;14237;21243;50487;;295
58;1;9117;L;3;0;B493;;25832;16274;50489;;258
58;1;9118;L;3;0;B493;;16274;23189;50489;;514
58;1;9119;L;3;0;B80;;2740;10559;50490;;261
58;1;9121;L;3;0;B80;;16158;10378;50490;;270
58;1;9127;L;3;0;B217;;10481;24336;50496;;258
58;1;9134;L;3;0;B240;;4148;7424;50503;;258
58;1;9135;L;3;0;B243;;18844;23780;50504;;1
58;1;9140;L;3;0;B270;;20482;12991;50509;;262
58;1;9141;L;3;0;B270;;12991;12362;50509;;262
58;1;9150;L;3;0;B287;;10495;2742;50518;;329
58;1;9151;L;3;0;B29;;24913;282;50519;;300
58;1;9152;L;3;0;B29;;282;18985;50519;;1
58;1;9157;L;3;0;B388;;12642;7266;50524;;294
58;1;9158;L;3;0;B388;;6701;18279;50524;;293
58;1;9159;L;3;0;B388;;20151;15868;50524;;264
58;1;9161;L;3;0;B410;;5700;20817;50526;;262
58;1;9162;L;3;0;B410;;20817;9027;50526;;262
58;1;9165;L;3;0;B417;;27595;5975;50529;;261
58;1;9166;L;3;0;B417;;5975;17921;50529;;622
58;1;9168;L;3;0;B422;;11107;6747;50531;;262
58;1;9169;L;3;0;B422;;711;12362;50531;;262
58;1;9170;L;3;0;B440;;6150;26364;50532;;258
58;1;9173;L;3;0;B453;;9192;5726;50535;;528
58;1;9174;L;3;0;B454;;13522;23354;50536;;261
58;1;9186;L;3;0;B588;;18516;6701;50548;;264
58;1;9187;L;3;0;B23;;15575;8744;50549;;264
58;1;9188;L;3;0;B23;;8744;20218;50549;;294
58;1;9189;L;3;0;B307;;26456;9270;50550;;294
58;1;9190;L;3;0;B307;;17190;3236;50550;;539
58;1;9191;L;3;0;B307;;3236;25250;50550;;294
58;1;9203;L;3;0;B495;;11172;9264;54504;;1
58;1;9213;L;3;0;B525;;4268;5456;50572;;353
58;1;9222;L;3;0;B297;;25784;19020;50579;;263
58;1;9223;L;3;0;B30;;21142;3721;50580;;302
58;1;9224;L;3;0;B30;;3721;25879;50580;;1
58;1;9225;L;3;0;B310;;11539;18058;50581;;299
58;1;9237;L;3;0;L16;;23664;6144;51200;;267
58;1;9242;L;3;0;L30;;17293;7323;50597;;267
58;1;9243;L;3;0;L33;;12244;16548;50617;;529
58;1;9246;L;3;0;L38;;7323;8614;50676;;579
58;1;9248;L;3;0;L40;;20685;24468;50602;;267
58;1;9251;L;3;0;L50;;17070;25748;50605;;267
58;1;9261;L;3;0;L1000;;25501;14093;51251;;266
58;1;9262;L;3;0;L201;;7654;5353;50615;;1
58;1;9264;L;3;0;L33;;17255;16744;50617;;266
58;1;9265;L;3;0;L75;;16391;18342;50618;;1
58;1;9267;L;3;0;L1014;;13625;20446;51253;;266
58;1;9275;L;3;0;L77;;13694;5590;50626;;1
58;1;9290;L;3;0;L1039;;21348;22002;50641;;266
58;1;9302;L;3;0;L1139;;20735;11801;50653;;266
58;1;9311;L;3;0;L33;;16744;12244;50617;;1
58;1;9321;L;3;0;L1071;;5353;26953;50671;;266
58;1;9326;L;3;0;L38;;14479;7323;50676;;1
58;1;9339;L;3;0;L1092;;5590;15681;50689;;266
58;1;9348;L;3;0;L1101;;25317;27766;50698;;266
58;1;9366;L;3;0;L1120;;23597;27766;50716;;266
58;1;9372;L;3;0;L1126;;25287;11021;50722;;266
58;1;9386;L;3;0;L1004;;17313;20735;50736;;266
58;1;9388;L;3;0;L1008;;25317;27766;50738;;1
58;1;9390;L;3;0;S2006;;12644;12490;50740;;1
58;1;9391;L;3;0;S2006;;12490;21471;50740;;299
58;1;9393;L;3;0;S2008;;8642;16670;51235;;590
58;1;9397;L;3;0;S2031;;16987;12413;50744;;299
58;1;9398;L;3;0;S2031;;12413;18110;50744;;553
58;1;9400;L;3;0;S2035;;19855;4872;50746;;590
58;1;9401;L;3;0;S2035;;4872;1851;50746;;299
58;1;9402;L;3;0;S2035;;1851;18146;50746;;264
58;1;9403;L;3;0;S2035;;18146;6818;50746;;294
58;1;9405;L;3;0;S2045;;26831;15040;50748;;264
58;1;9406;L;3;0;S2045;;15040;556;50748;;293
58;1;9407;L;3;0;S2050;;5574;23280;50749;;294
58;1;9408;L;3;0;S2050;;23280;4979;50749;;555
58;1;9409;L;3;0;S2053;;12642;9958;50750;;294
58;1;9410;L;3;0;S2054;;15025;8601;51236;;294
58;1;9411;L;3;0;S2054;;8601;16655;51236;;294
58;1;9412;L;3;0;S2054;;16655;735;51236;;294
58;1;9413;L;3;0;S2054;;735;28466;51236;;418
58;1;9414;L;3;0;S2054;;28466;17403;51236;;418
58;1;9415;L;3;0;S2054;;17403;989;51236;;264
58;1;9416;L;3;0;S2054;;989;9052;51236;;502
58;1;9417;L;3;0;S2055;;13391;13309;50751;;299
58;1;9418;L;3;0;S2055;;13309;23784;50751;;264
58;1;9419;L;3;0;S2057;;15025;27082;50752;;294
58;1;9420;L;3;0;S2058;;24610;20225;50753;;702
58;1;9421;L;3;0;S2058;;20225;27082;50753;;702
58;1;9423;L;3;0;S2062;;22779;17511;50755;;425
58;1;9424;L;3;0;S2062;;17511;13854;50755;;294
58;1;9425;L;3;0;S2063;;3380;24490;50756;;294
58;1;9426;L;3;0;S2063;;24490;17776;50756;;294
58;1;9428;L;3;0;S2065;;23783;24490;50758;;294
58;1;9429;L;3;0;S2072;;26578;2894;50759;;332
58;1;9430;L;3;0;S2072;;2894;17776;50759;;294
58;1;9431;L;3;0;S2077;;24289;18273;50760;;2332
58;1;9433;L;3;0;S2079;;10375;22101;50762;;629
58;1;9436;L;3;0;S2084;;735;8278;50765;;418
58;1;9437;L;3;0;S2084;;8278;7266;50765;;294
58;1;9438;L;3;0;S2084;;7266;6147;50765;;403
58;1;9439;L;3;0;S2084;;6147;1362;50765;;294
58;1;9440;L;3;0;S2086;;6582;6147;50766;;294
58;1;9441;L;3;0;S2086;;6147;18359;50766;;294
58;1;9442;L;3;0;S2086;;18359;16765;50766;;264
58;1;9444;L;3;0;S2089;;14227;2616;50768;;264
58;1;9445;L;3;0;S2089;;2616;6582;50768;;294
58;1;9446;L;3;0;S2092;;3614;26906;50769;;629
58;1;9447;L;3;0;S2092;;26906;17685;50769;;294
58;1;9448;L;3;0;S2092;;17685;21920;50769;;545
58;1;9449;L;3;0;S2093;;1734;25706;51237;;294
58;1;9450;L;3;0;S2093;;25706;25533;51237;;681
58;1;9451;L;3;0;S2095;;21990;25596;50770;;294
58;1;9452;L;3;0;S2095;;25596;3446;50770;;681
58;1;9456;L;3;0;S2103;;2839;25305;50774;;339
58;1;9457;L;3;0;S2103;;25305;15264;50774;;294
58;1;9460;L;3;0;S2112;;4417;20363;50777;;264
58;1;9461;L;3;0;S2114;;19317;14979;50778;;293
58;1;9462;L;3;0;S2114;;14979;19823;50778;;293
58;1;9463;L;3;0;S2125;;21217;24801;50779;;264
58;1;9465;L;3;0;S2132;;20151;8316;50781;;293
58;1;9466;L;3;0;S2132;;9446;28580;50781;;293
58;1;9467;L;3;0;S2132;;28580;5349;50781;;264
58;1;9468;L;3;0;S2135;;5759;21213;50782;;293
58;1;9469;L;3;0;S2135;;21213;15068;50782;;615
58;1;9473;L;3;0;S2145;;19329;6116;50786;;3229
58;1;9474;L;3;0;S2145;;6116;18772;50786;;296
58;1;9475;L;3;0;S2145;;18772;23367;50786;;296
58;1;9476;L;3;0;S2151;;1338;23429;50787;;296
58;1;9477;L;3;0;S2151;;23429;5349;50787;;296
58;1;9478;L;3;0;S2163;;18282;3228;50788;;264
58;1;9479;L;3;0;S2163;;3228;2638;50788;;295
58;1;9480;L;3;0;S2177;;27031;13381;50789;;264
58;1;9481;L;3;0;S2177;;2617;28138;50789;;723
58;1;9482;L;3;0;S2177;;28138;11678;50789;;295
58;1;9483;L;3;0;S2180;;8807;22999;51238;;295
58;1;9484;L;3;0;S2181;;3228;18425;50790;;264
58;1;9485;L;3;0;S2181;;27801;26390;50790;;296
58;1;9486;L;3;0;S2182;;14237;11532;50791;;495
58;1;9487;L;3;0;S2182;;16680;2638;50791;;295
58;1;9494;L;3;0;S2190;;10403;3055;50798;;295
58;1;9495;L;3;0;S2191;;9905;4986;50799;;295
58;1;9496;L;3;0;S2191;;4986;24169;50799;;295
58;1;9497;L;3;0;S2195;;24452;11126;50800;;295
58;1;9498;L;3;0;S2195;;11126;15652;50800;;470
58;1;9499;L;3;0;S2202;;5445;18458;51239;;295
58;1;9500;L;3;0;S2218;;5508;6008;50801;;1
58;1;9501;L;3;0;S2218;;6008;25645;50801;;291
58;1;9502;L;3;0;S2221;;6115;19446;50802;;299
58;1;9503;L;3;0;S2221;;19446;1504;50802;;264
58;1;9505;L;3;0;S2230;;25645;6818;50804;;264
58;1;9506;L;3;0;S2230;;6818;3326;50804;;395
58;1;9507;L;3;0;S2230;;3326;22480;50804;;264
58;1;9508;L;3;0;S2238;;11514;18362;50805;;264
58;1;9509;L;3;0;S2238;;1338;27020;50805;;296
58;1;9510;L;3;0;S2240;;15260;7331;50806;;264
58;1;9511;L;3;0;S2240;;7331;12187;50806;;291
58;1;9512;L;3;0;S2241;;18999;15258;50807;;291
58;1;9513;L;3;0;S2244;;16654;11406;50808;;291
58;1;9514;L;3;0;S2244;;11406;7331;50808;;291
58;1;9515;L;3;0;S2245;;15615;19110;50809;;319
58;1;9516;L;3;0;S2245;;19110;18999;50809;;291
58;1;9518;L;3;0;S2281;;24692;3055;50811;;264
58;1;9519;L;3;0;S2281;;3055;11878;50811;;295
58;1;9520;L;3;0;S2288;;2645;3916;50812;;303
58;1;9522;L;3;0;S2310;;17208;27370;51241;;1
58;1;9525;L;3;0;S2335;;16421;16510;50816;;264
58;1;9530;L;3;0;S2365;;26508;9270;50821;;539
58;1;9532;L;3;0;S2407;;13954;21278;50823;;2049
58;1;9560;L;3;0;K OAL2;;11978;8642;50850;;590
58;1;9565;L;3;0;K EI5;;8704;17926;50855;;395
58;1;9574;L;3;0;K EI21;;6818;13481;50864;;395
58;1;9652;L;3;0;L171;;26258;26364;50939;;258
58;1;9654;L;3;0;L190;;15761;15111;50941;;258
58;1;9655;L;3;0;L211;;1055;3939;50942;;661
58;1;9656;L;3;0;L216;;18764;22629;50943;;453
58;1;9661;L;3;0;L290;;27821;28017;50948;;258
58;1;9667;L;3;0;L331;;4558;21734;50954;;1
58;1;9668;L;3;0;L331;;21734;12062;50954;;258
58;1;9673;L;3;0;L360;;15906;16571;50959;;258
58;1;9675;L;3;0;L380;;10561;23292;50961;;452
58;1;9677;L;3;0;L382;;8722;15111;50963;;451
58;1;9680;L;3;0;L389;;27284;28247;50965;;258
58;1;9683;L;3;0;L410;;5001;22735;50968;;467
58;1;9685;L;3;0;L426;;20623;2831;50970;;258
58;1;9686;L;3;0;L426;;2831;9602;50970;;449
58;1;9691;L;3;0;L460;;5917;23292;50975;;258
58;1;9692;L;3;0;L472;;22473;22477;50976;;644
58;1;9697;L;3;0;L492;;9667;27269;50981;;467
58;1;9703;L;3;0;L554;;10116;493;50987;;258
58;1;9707;L;3;0;L580;;4148;1663;50991;;258
58;1;9712;L;3;0;L810;;27715;11973;50996;;716
58;1;9713;L;3;0;L815;;18215;27441;50997;;316
58;1;9781;L;3;0;L401;;1065;13675;51064;;262
58;1;9830;L;3;0;S36;;20985;25484;51113;;269
58;1;9842;L;3;0;B98;;28329;15324;50461;;278
58;1;9844;L;3;0;S177;;27770;16940;51126;;278
58;1;9939;L;3;0;L1027;;2847;9400;51188;;271
58;1;9951;L;3;0;L16;;24225;23664;51200;;1
58;1;9952;L;3;0;L17;;21348;24755;51201;;1
58;1;13458;L;3;0;B173;;15660;14151;50215;;295
58;1;13667;L;3;0;S2026;;20334;17272;13559;;299
58;1;13668;L;3;0;S2026;;17272;9061;13559;;324
58;1;13704;L;3;0;S2108;;6701;664;13703;;293
58;1;13710;L;3;0;S2120;;1338;26343;32164;;296
58;1;13711;L;3;0;S2120;;26343;5525;32164;;264
58;1;13806;L;3;0;S2384;;10624;27254;13805;;387
58;1;13816;L;3;0;S2445;2294;19434;17839;60365;;329
58;1;13876;L;3;0;A71;;7282;22676;45503;;1
58;1;14169;L;3;0;B28;;8300;17889;50294;;263
58;1;14171;L;3;0;B14;;2608;23543;50206;;263
58;1;14172;L;3;0;B28;;2897;18110;50294;;263
58;1;14173;L;3;0;B36;;13330;21060;50326;;263
58;1;14174;L;3;0;B292;;24088;17443;50300;;263
58;1;14175;L;3;0;B293;;13184;7244;50521;;263
58;1;14176;L;3;0;B293;;7244;10994;50521;;263
58;1;14177;L;3;0;B297;;19020;13553;50579;;263
58;1;14178;L;3;0;B311;;17156;21745;50313;;263
58;1;14179;L;3;0;B312;;28577;21491;50314;;263
58;1;14180;L;3;0;B313;;19020;20568;50315;;263
58;1;14181;L;3;0;B317;;25540;25526;50583;;280
58;1;14183;L;3;0;B462;;9012;21060;50373;;263
58;1;14186;L;3;0;B463;;5266;20395;50374;;263
58;1;30679;L;3;0;B28a;;8300;11986;30692;;263
58;1;30944;L;3;0;B37;;10943;17443;50327;;1
58;1;30945;L;3;0;B38;;14089;21280;50328;;1
58;1;30951;L;3;0;B313;;21491;19020;50315;;263
58;1;30994;L;3;0;B27;;26336;3037;50287;;263
58;1;31289;L;3;0;S2049;;20879;13178;31288;;264
58;1;31290;L;3;0;S2049;;13178;21306;31288;;294
58;1;31291;L;3;0;S2049;;15093;16421;31288;;264
58;1;31292;L;3;0;S2049;;16421;15040;31288;;293
58;1;31310;L;3;0;S2074;;15040;6001;31309;;293
58;1;31311;L;3;0;S2074;;6001;5759;31309;;293
58;1;31322;L;3;0;S2111;;18364;8716;31321;;264
58;1;31323;L;3;0;S2111;;8716;6001;31321;;293
58;1;31324;L;3;0;S2111;;6001;19329;31321;;264
58;1;31335;L;3;0;S2141;;7490;17012;31334;;293
58;1;31336;L;3;0;S2141;;17012;24801;31334;;293
58;1;31345;L;3;0;S2142;;7029;22111;31344;;293
58;1;31346;L;3;0;S2142;;22111;16489;31344;;293
58;1;31347;L;3;0;S2142;;16489;24801;31344;;293
58;1;31357;L;3;0;S2142;;24801;625;31344;;674
58;1;31360;L;3;0;S2143;;15040;22111;31359;;502
58;1;31361;L;3;0;S2143;;22111;15160;31359;;293
58;1;31369;L;3;0;S2144;;18447;309;31368;;264
58;1;31370;L;3;0;S2144;;309;22938;31368;;264
58;1;31371;L;3;0;S2144;;22938;25982;31368;;3229
58;1;31378;L;3;0;S2233;;17832;13350;32332;;264
58;1;31379;L;3;0;S2233;;13350;11151;32332;;264
58;1;31386;L;3;0;S2325;;20363;6795;31385;;293
58;1;31387;L;3;0;S2325;;6795;26751;31385;;384
58;1;31388;L;3;0;S2325;;26751;24845;31385;;293
58;1;31399;L;3;0;S2327;;7643;21357;31398;;293
58;1;31400;L;3;0;S2327;;21357;6001;31398;;384
58;1;31406;L;3;0;S2244;;7331;8010;50808;;264
58;1;31407;L;3;0;S2244;;8010;3055;50808;;264
58;1;31423;L;3;0;A73;;3055;24994;50166;;1
58;1;31428;L;3;0;B287;;2742;17839;50518;;329
58;1;31471;L;3;0;S2055;;12644;13391;50751;;264
58;1;31517;L;3;0;B4;;7776;18999;51232;;291
58;1;31533;L;3;0;B21;;2839;22614;51233;;264
58;1;31542;L;3;0;B303;;23486;23470;51234;;303
58;1;31545;L;3;0;B307;;14500;16705;50550;;264
58;1;31550;L;3;0;B310;;18058;8642;50581;;590
58;1;31553;L;3;0;B470;;2924;12194;50381;;291
58;1;31554;L;3;0;B471;;8724;10197;50382;;548
58;1;31557;L;3;0;S2008;;11800;8642;51235;;590
58;1;31565;L;3;0;S2053;;9958;17798;50750;;294
58;1;31566;L;3;0;S2054;;4872;15025;51236;;264
58;1;31569;L;3;0;S2063;;17776;10871;50756;;294
58;1;31570;L;3;0;S2065;;24490;17776;50758;;294
58;1;31571;L;3;0;S2077;;1889;12614;50760;;539
58;1;31572;L;3;0;S2079;;22101;17776;50762;;294
58;1;31576;L;3;0;S2093;;19082;1734;51237;;629
58;1;31578;L;3;0;S2103;;15264;19245;50774;;264
58;1;31580;L;3;0;S2112;;20363;24040;50777;;293
58;1;31581;L;3;0;S2125;;24801;5759;50779;;293
58;1;31582;L;3;0;S2125;;5759;20151;50779;;293
58;1;31590;L;3;0;S2177;;13381;16674;50789;;264
58;1;31592;L;3;0;S2180;;16680;8807;51238;;295
58;1;31593;L;3;0;S2190;;3055;14237;50798;;295
58;1;31595;L;3;0;S2202;;5951;5445;51239;;295
58;1;31596;L;3;0;S2241;;15258;11521;50807;;264
58;1;31603;L;3;0;S2288;11634;3916;7875;50812;;627
58;1;31604;L;3;0;S2310;;13688;17208;51241;;540
58;1;31605;L;3;0;S2310;;27370;28350;51241;;1
58;1;31606;L;3;0;S2335;;16510;14497;50816;;294
58;1;31607;L;3;0;S2335;;14497;8417;50816;;294
58;1;31609;L;3;0;S2365;;9270;17190;50821;;539
58;1;31611;L;3;0;S2407;;22325;8626;50823;;291
58;1;31669;L;3;0;S2580;7960;2545;7266;51248;;403
58;1;31670;L;3;0;S2580;7960;7266;2546;51248;;294
58;1;31759;L;3;0;B303;;23470;14151;51234;;264
58;1;31760;L;3;0;B303;;14151;2638;51234;;295
58;1;31761;L;3;0;B303;;2638;16674;51234;;295
58;1;31762;L;3;0;B303;;16674;6698;51234;;1
58;1;31783;L;3;0;B19;;13713;19305;50227;;299
58;1;31784;L;3;0;B19;;19305;13391;50227;;299
58;1;31800;L;3;0;A73;;7776;18999;50166;;291
58;1;31862;L;3;0;B588;;27811;18516;50548;;312
58;1;31971;L;3;0;S2091;;25706;26671;31970;;294
58;1;31972;L;3;0;S2091;;26671;18364;31970;;545
58;1;31996;L;3;0;S2108;;4977;18516;13703;;312
58;1;32001;L;3;0;S2357;;26906;25706;32000;;294
58;1;32002;L;3;0;S2357;;25706;4977;32000;;294
58;1;32009;L;3;0;S2360;;21990;1348;32008;;629
58;1;32010;L;3;0;S2360;;1348;26671;32008;;294
58;1;32018;L;3;0;S2198;;8586;25367;32017;;494
58;1;32019;L;3;0;S2198;;25367;18842;32017;;494
58;1;32020;L;3;0;S2198;;18842;3433;32017;;295
58;1;32021;L;3;0;S2198;;3433;25488;32017;;470
58;1;32074;L;3;0;S2057;;27082;17511;50752;;702
58;1;32077;L;3;0;S2073;;17190;11933;32076;;539
58;1;32078;L;3;0;S2073;;11933;28013;32076;;294
58;1;32087;L;3;0;S2056;;27082;5982;32086;;294
58;1;32088;L;3;0;S2056;;5982;15025;32086;;501
58;1;32096;L;3;0;S2068;;7854;11370;32095;;294
58;1;32097;L;3;0;S2068;;11370;19263;32095;;667
58;1;32098;L;3;0;S2068;;9156;8999;32095;;294
58;1;32112;L;3;0;S2059;;22147;24610;32111;;264
58;1;32113;L;3;0;S2059;;24610;2627;32111;;294
58;1;32119;L;3;0;S2070;;28013;22770;32118;;294
58;1;32120;L;3;0;S2070;;22770;2146;32118;;548
58;1;32129;L;3;0;S2368;;2894;5965;32128;;332
58;1;32130;L;3;0;S2368;;5965;19160;32128;;294
58;1;32131;L;3;0;S2368;;19160;17776;32128;;294
58;1;32155;L;3;0;S2040;;25017;1338;32154;;264
58;1;32156;L;3;0;S2040;;1338;17870;32154;;264
58;1;32157;L;3;0;S2040;;17870;18379;32154;;651
58;1;32172;L;3;0;S2165;;18776;23165;32169;;264
58;1;32210;L;3;0;S2146;;20351;5349;32209;;296
58;1;32211;L;3;0;S2146;;5349;26678;32209;;362
58;1;32256;L;3;0;S2047;;5574;595;33388;;264
58;1;32264;L;3;0;S2052;;15025;17043;32263;;264
58;1;32265;L;3;0;S2052;;17043;19396;32263;;264
58;1;32275;L;3;0;S2069;;24490;8601;32274;;294
58;1;32277;L;3;0;S2069;;20825;19539;32274;;423
58;1;32286;L;3;0;S2070;;9517;12573;32118;;294
58;1;32287;L;3;0;S2070;;12573;24490;32118;;667
58;1;32294;L;3;0;S2055;;23226;5980;50751;;294
58;1;32295;L;3;0;S2055;;5980;9517;50751;;501
58;1;32321;L;3;0;S2165;;23165;1338;32169;;264
58;1;32325;L;3;0;S2154;;3234;25484;46674;;264
58;1;32377;L;3;0;S2220;;11514;20133;33009;;264
58;1;32403;L;3;0;S2240;;13268;18362;50806;;296
58;1;32404;L;3;0;S2240;;18362;15260;50806;;264
58;1;32464;L;3;0;S2359;;4408;21990;32463;;294
58;1;32465;L;3;0;S2359;;21990;26906;32463;;629
58;1;32498;L;3;0;S2083;;26342;21357;32497;;293
58;1;32499;L;3;0;S2083;;21357;26345;32497;;293
58;1;32551;L;3;0;L1008;;27766;25501;50738;;266
58;1;32552;L;3;0;L1008;;25501;20735;50738;;266
58;1;32553;L;3;0;L1000;;24375;22204;51251;;266
58;1;32554;L;3;0;L1000;;22204;25501;51251;;266
58;1;32555;L;3;0;L1101;;27766;23597;50698;;266
58;1;32556;L;3;0;L1120;;27766;23985;50716;;266
58;1;32558;L;3;0;L1014;;9236;13625;51253;;266
58;1;32560;L;3;0;L1039;;22002;18685;50641;;266
58;1;32561;L;3;0;L1139;;11801;588;50653;;266
58;1;32563;L;3;0;L1092;;15681;25323;50689;;266
58;1;32602;L;3;0;A100;24444;27766;18342;50062;;266
58;1;32673;L;3;0;A100;24444;18342;25638;50062;;266
58;1;32737;L;3;0;L1071;;26953;17255;50671;;266
58;1;32754;L;3;0;L1004;;20735;17255;50736;;266
58;1;32818;L;3;0;L1126;;24225;25287;50722;;266
58;1;32871;L;3;0;B101;;16601;25323;50190;;266
58;1;32885;L;3;0;B96a;;20576;8415;50459;;266
58;1;33001;L;3;0;S1066;;5508;7777;31499;;1
58;1;33002;L;3;0;S1066;;7777;1889;31499;;319
58;1;33010;L;3;0;S2220;;6008;27029;33009;;319
58;1;33011;L;3;0;S2220;;27029;27807;33009;;319
58;1;33022;L;3;0;S2248;;26924;11361;33021;;319
58;1;33023;L;3;0;S2248;;11361;1504;33021;;291
58;1;33032;L;3;0;S2252;;18302;2924;33031;;560
58;1;33033;L;3;0;S2252;;2924;16654;33031;;291
58;1;33047;L;3;0;S2419;;6148;22077;33046;;319
58;1;33048;L;3;0;S2419;;22077;25854;33046;;291
58;1;33060;L;3;0;B19;;2792;28269;50227;;1
58;1;33061;L;3;0;B27;;25253;28269;50287;;1
58;1;33062;L;3;0;B19;;23470;19434;50227;;303
58;1;33063;L;3;0;B276;;15951;2827;50292;;1
58;1;33080;L;3;0;S2271;;19192;16663;46868;;264
58;1;33081;L;3;0;S2271;;16663;13620;46868;;487
58;1;33082;L;3;0;S2271;;13620;26396;46868;;487
58;1;33083;L;3;0;S2271;;26396;23470;46868;;303
58;1;33100;L;3;0;S2270;;7551;19382;33099;;3231
58;1;33101;L;3;0;S2270;;19382;13620;33099;;303
58;1;33102;L;3;0;S2270;;13620;5850;33099;;303
58;1;33103;L;3;0;S2270;;5850;23470;33099;;303
58;1;33141;L;3;0;B16;;6120;12549;50210;;264
58;1;33153;L;3;0;S2033;;3731;27374;33152;;299
58;1;33154;L;3;0;S2033;;27374;5991;33152;;383
58;1;33155;L;3;0;S2033;;5991;18051;33152;;1
58;1;33166;L;3;0;S2212;;27374;12198;33165;;383
58;1;33167;L;3;0;S2212;;12198;18985;33165;;299
58;1;33175;L;3;0;S2025;;25799;25389;33174;;299
58;1;33176;L;3;0;S2025;;25389;12760;33174;;441
58;1;33177;L;3;0;S2025;;12760;10024;33174;;441
58;1;33178;L;3;0;S2025;;10024;15272;33174;;299
58;1;33179;L;3;0;S2025;;15272;2605;33174;;383
58;1;33194;L;3;0;S2027;;13780;23326;33193;;324
58;1;33195;L;3;0;S2027;;23326;17272;33193;;324
58;1;33196;L;3;0;S2027;;17272;28406;33193;;299
58;1;33197;L;3;0;S2027;;28406;6010;33193;;299
58;1;33198;L;3;0;S2027;;28553;27374;33193;;299
58;1;33199;L;3;0;S2027;;27374;21005;33193;;299
58;1;33200;L;3;0;S2027;;21005;6722;33193;;264
58;1;33234;L;3;0;S2214;;8290;27254;33233;;264
58;1;33235;L;3;0;S2214;;27254;18143;33233;;264
58;1;33236;L;3;0;S2214;;18143;12549;33233;;294
58;1;33265;L;3;0;S2263;;11406;12191;33264;;407
58;1;33266;L;3;0;S2263;;12191;20637;33264;;407
58;1;33278;L;3;0;B2;;6120;27192;50232;;264
58;1;33286;L;3;0;B300;;23280;8841;50306;;294
58;1;33325;L;3;0;B299;;18447;18361;50303;;264
58;1;33326;L;3;0;B299;;18361;1338;50303;;264
58;1;33330;L;3;0;B300;;595;23280;50306;;264
58;1;33332;L;3;0;S2230;;10028;25645;50804;;705
58;1;33342;L;3;0;K EI5;;17926;8677;50855;;395
58;1;33348;L;3;0;K EI21;;13481;3326;50864;;395
58;1;33353;L;3;0;S2043;;26563;11829;33352;;294
58;1;33354;L;3;0;S2043;;11829;18143;33352;;555
58;1;33355;L;3;0;S2043;;18143;3453;33352;;555
58;1;33369;L;3;0;S2045;;16936;20879;50748;;299
58;1;33370;L;3;0;S2045;;20879;23280;50748;;264
58;1;33371;L;3;0;S2045;;23280;20340;50748;;294
58;1;33372;L;3;0;S2045;;20340;23479;50748;;602
58;1;33389;L;3;0;S2047;;595;21005;33388;;299
58;1;33390;L;3;0;S2047;;21005;21435;33388;;264
58;1;33391;L;3;0;S2047;;21435;6090;33388;;294
58;1;33392;L;3;0;S2047;;6090;20625;33388;;294
58;1;33411;L;3;0;S2225;;6818;25388;33410;;264
58;1;33412;L;3;0;S2225;;25388;731;33410;;633
58;1;33413;L;3;0;S2225;;731;18999;33410;;291
58;1;33426;L;3;0;S2228;;27192;20625;33425;;264
58;1;33427;L;3;0;S2228;;20625;13481;33425;;395
58;1;33439;L;3;0;S2229;;12549;5808;33438;;294
58;1;33440;L;3;0;S2229;;5808;3326;33438;;395
58;1;33461;L;3;0;S2232;;20340;8841;33460;;602
58;1;33462;L;3;0;S2232;;8841;26388;33460;;602
58;1;33463;L;3;0;S2232;;26388;21738;33460;;294
58;1;33477;L;3;0;S2392;;13487;5808;33476;;395
58;1;33478;L;3;0;S2392;;5808;20639;33476;;395
58;1;33492;L;3;0;K EI20;;5117;24473;33491;;395
58;1;33493;L;3;0;K EI20;;24473;17001;33491;;395
58;1;33537;L;3;0;L201;;17947;7654;50615;;1
58;1;33539;L;3;0;L75;;17293;4778;50618;;267
58;1;33583;L;3;0;B189;;27909;27943;50226;;267
58;1;33739;L;3;0;L30;;7323;9237;50597;;267
58;1;33809;L;3;0;L17;;24755;24878;51201;;1
58;1;33847;L;3;0;B168;;3288;6591;9085;;267
58;1;34011;L;3;0;L77;;17176;13694;50626;;267
58;1;34034;L;3;0;L40;;24468;24766;50602;;267
58;1;34075;L;3;0;L36;;24319;8614;9245;;579
58;1;34077;L;3;0;L36;;8614;18271;9245;;267
58;1;34106;L;3;0;B2;;260;23152;50232;;267
58;1;34125;L;3;0;B168;;193;3288;9085;;267
58;1;34126;L;3;0;B246;;3288;6908;50266;;579
58;1;34130;L;3;0;L35;;9236;8614;9244;;579
58;1;34131;L;3;0;L35;;20812;11770;9244;;267
58;1;34132;L;3;0;L38;;8614;15333;50676;;267
58;1;34143;L;3;0;L23;;24766;25491;9241;;267
58;1;34145;L;3;0;L23;;6591;3280;9241;;1
58;1;34152;L;3;0;L50;;20222;5090;50605;;664
58;1;34168;L;3;0;B112;;8024;9673;8472;;664
58;1;34169;L;3;0;B112;;9993;199;8472;;267
58;1;34170;L;3;0;B112;;16632;4230;8472;;415
58;1;34171;L;3;0;B112;;8093;16548;8472;;267
58;1;34182;L;3;0;B198;;23152;12771;50231;;267
58;1;34271;L;3;0;B101;;16042;28069;33769;;678
58;1;34917;L;3;0;B6;;4584;4570;50423;;358
58;1;35044;L;3;0;S2084;;12427;735;50765;;294
58;1;35045;L;3;0;S2084;;595;12427;50765;;264
58;1;35071;L;3;0;L3202;;17168;659;44231;;321
58;1;35076;L;3;0;S2305;;12963;1061;35075;;321
58;1;35077;L;3;0;S2305;;1061;17592;35075;;321
58;1;35084;L;3;0;S2305;;17592;23571;35075;;321
58;1;35085;L;3;0;S2305;;23571;15951;35075;;303
58;1;35088;L;3;0;B388;;7266;25262;50524;;294
58;1;35089;L;3;0;B388;;25262;26342;50524;;264
58;1;35090;L;3;0;B388;;26342;6701;50524;;293
58;1;35116;L;3;0;B11;;28013;17776;50198;;294
58;1;35122;L;3;0;B15;;11678;15608;50207;;295
58;1;35147;L;3;0;S2230;;21379;21918;50804;;484
58;1;35148;L;3;0;S2230;;21918;1070;50804;;484
58;1;35164;L;3;0;B173;;14151;11678;50215;;295
58;1;35165;L;3;0;S2244;;3055;10403;50808;;295
58;1;35191;L;3;0;B470;;12194;8010;50381;;264
58;1;35192;L;3;0;B470;;8010;20205;50381;;295
58;1;35301;L;3;0;S2172;;18454;5096;46703;;296
58;1;35302;L;3;0;S2172;;5096;17546;46703;;296
58;1;35310;L;3;0;K NEW21;;16126;27053;35309;;561
58;1;35311;L;3;0;K NEW21;;27053;9453;35309;;561
58;1;35352;L;3;0;S2088;;1911;26002;9443;;294
58;1;35353;L;3;0;S2088;;26002;17783;9443;;294
58;1;35531;L;3;0;Ring2;;1027;7233;35530;;257
58;1;35532;L;3;0;Ring2;;7233;26823;35530;;257
58;1;35533;L;3;0;Ring2;;26823;17391;35530;;257
58;1;35551;L;3;0;Ring3;;3976;6823;35550;;257
58;1;35553;L;3;0;Ring3;;23209;22745;35550;;257
58;1;35751;L;3;0;I1300;;6858;22090;35750;;257
58;1;35752;L;3;0;I1300;;22090;22690;35750;;257
58;1;35753;L;3;0;I1300;;22690;25865;35750;;257
58;1;36031;L;3;0;B27;;13207;8531;50287;;1
58;1;36032;L;3;0;S2070;;24490;28013;32118;;294
58;1;36035;L;3;0;B14;;7777;1504;50206;;291
58;1;36071;L;3;0;B12;;8316;9566;50203;;264
58;1;36077;L;3;0;S2027;;6010;28553;33193;;299
58;1;36088;L;3;0;S2220;;27807;22064;33009;;291
58;1;36089;L;3;0;S2220;;22064;11514;33009;;633
58;1;36097;L;3;0;S2222;;7777;10028;36096;;291
58;1;36098;L;3;0;S2222;;10028;20543;36096;;705
58;1;36110;L;3;0;S2237;;22064;731;36109;;633
58;1;36111;L;3;0;S2237;;731;3326;36109;;264
58;1;36118;L;3;0;S2239;;11031;23315;36117;;291
58;1;36119;L;3;0;S2239;;23315;847;36117;;291
58;1;36134;L;3;0;S2032;;1851;504;9399;;299
58;1;36135;L;3;0;S2032;;504;11931;9399;;299
58;1;36136;L;3;0;S2032;;11931;5991;9399;;383
58;1;36179;L;3;0;S2281;;14425;24434;50811;;303
58;1;36180;L;3;0;S2281;;24434;17839;50811;;303
58;1;36212;L;3;0;B15;;17300;16674;50207;;264
58;1;36224;L;3;0;S2168;;9453;7414;36223;;561
58;1;36225;L;3;0;S2168;;7414;18449;36223;;561
58;1;36226;L;3;0;S2168;;18449;13381;36223;;296
58;1;36257;L;3;0;L3209;;8127;16441;36256;;275
58;1;36258;L;3;0;L3209;;16441;10521;36256;;275
58;1;36434;L;3;0;B45;;5904;10521;50366;;275
58;1;36435;L;3;0;B45;;10521;8327;50366;;275
58;1;36516;L;3;0;L3018;;11701;8091;59596;;275
58;1;36562;L;3;0;B40;;14141;8110;50331;;275
58;1;36578;L;3;0;B40;;13369;23387;50331;;275
58;1;36581;L;3;0;A480;;27523;27528;50123;;498
58;1;37420;L;3;0;L3094;;5680;5904;53685;;275
58;1;37644;L;3;0;L101;;21023;20616;38045;;268
58;1;37663;L;3;0;L12;;27869;18137;37662;;268
58;1;37664;L;3;0;L12;;18137;2667;37662;;268
58;1;37665;L;3;0;L12;;2667;26865;37662;;268
58;1;37877;L;3;0;L101;;20939;21023;38045;;14292
58;1;38118;L;3;0;L31;;18016;21079;38117;;14291
58;1;38119;L;3;0;L31;;21079;1049;38117;;268
58;1;38140;L;3;0;L27;;18126;5804;38139;;268
58;1;38141;L;3;0;L27;;5804;27273;38139;;268
58;1;38200;L;3;0;L26;;9234;9525;38199;;268
58;1;38201;L;3;0;L26;;9525;1490;38199;;14291
58;1;38294;L;3;0;L21;;795;3138;38293;;568
58;1;38295;L;3;0;L21;;3138;24612;38293;;568
58;1;38345;L;3;0;B96;22373;35;24785;50458;;268
58;1;38395;L;3;0;L191;;13325;21655;47069;;268
58;1;38454;L;3;0;L22;;22016;21655;38453;;268
58;1;38455;L;3;0;L22;;21655;23987;38453;;568
58;1;38561;L;3;0;B1;;10481;11490;50187;;258
58;1;38695;L;3;0;L482;;3406;9632;38694;;258
58;1;38798;L;3;0;L615;;23016;27984;51280;;720
58;1;38970;L;3;0;B443;;23805;22976;50363;;451
58;1;38985;L;3;0;L554;;493;26119;50987;;258
58;1;38987;L;3;0;A30;;1368;21564;50102;;1
58;1;38997;L;3;0;A391;;4441;9147;50109;;356
58;1;39031;L;3;0;B453;;5726;3767;50535;;528
58;1;39032;L;3;0;B454;;16562;13522;50536;;261
58;1;39033;L;3;0;B454;;23354;18588;50536;;261
58;1;39034;L;3;0;B454;;18588;2725;50536;;261
58;1;39035;L;3;0;B455;;18537;23262;50367;;261
58;1;39036;L;3;0;B457;;8874;18537;50369;;261
58;1;39037;L;3;0;B253;;3767;3169;50273;;261
58;1;39038;L;3;0;B253;;3169;8054;50273;;261
58;1;39039;L;3;0;B253;;8471;16973;50273;;261
58;1;39040;L;3;0;B275;;7922;15298;50291;;261
58;1;39041;L;3;0;B3;;8327;2807;50305;;261
58;1;39042;L;3;0;B3;;2807;5060;50305;;261
58;1;39043;L;3;0;B3;;5060;9132;50305;;261
58;1;39044;L;3;0;B3;;9132;16562;50305;;261
58;1;39045;L;3;0;B3;;19454;8091;50305;;275
58;1;39046;L;3;0;B7;;26850;13241;50434;;261
58;1;39047;L;3;0;B8;;8091;14462;50444;;261
58;1;39048;L;3;0;B27;;8531;2725;50287;;261
58;1;39049;L;3;0;B27;;2725;7434;50287;;261
58;1;39050;L;3;0;B27;;7434;27951;50287;;261
58;1;39051;L;3;0;B43;;22387;8096;50352;;1
58;1;39052;L;3;0;B43;;8096;19454;50352;;1
58;1;39053;L;3;0;B43;;19454;17715;50352;;1
58;1;39054;L;3;0;B43;;17715;10521;50352;;1
58;1;39055;L;3;0;B45;;17173;12180;50366;;261
58;1;39056;L;3;0;B47;;17173;1360;50380;;1
58;1;39057;L;3;0;B47;;1360;26730;50380;;1
58;1;39058;L;3;0;B54;;294;15741;50414;;261
58;1;39059;L;3;0;B54;;2853;294;50414;;261
58;1;39060;L;3;0;B54;;27595;2853;50414;;261
58;1;39061;L;3;0;B83;;3245;16973;50446;;261
58;1;39062;L;3;0;B83;;16973;13241;50446;;261
58;1;39063;L;3;0;B83;;13241;2740;50446;;261
58;1;39064;L;3;0;B84;;12298;26146;50447;;1
58;1;39065;L;3;0;B236;;17820;3169;50262;;261
58;1;39066;L;3;0;B251;;13941;13241;50271;;261
58;1;39068;L;3;0;B252;;13941;2618;50272;;261
58;1;39074;L;3;0;B456;;26114;27072;50368;;261
58;1;39076;L;3;0;B255;;11229;16562;50275;;1
58;1;39077;L;3;0;B275;;26114;2807;50291;;275
58;1;39078;L;3;0;B277;;5984;11229;50293;;261
58;1;39079;L;3;0;B8;;14462;2656;50444;;261
58;1;39080;L;3;0;B26;;21754;5680;50280;;261
58;1;39081;L;3;0;B47;;3398;17173;50380;;1
58;1;39191;L;3;0;B426;;12180;19238;50349;;1
58;1;39290;L;3;0;B326;;28148;9073;50321;;401
58;1;39444;L;3;0;B65;;3410;21564;50428;;260
58;1;39448;L;3;0;B236;;16312;19573;50262;;260
58;1;39796;L;3;0;A1;;7579;14349;50060;;287
58;1;39797;L;3;0;A1;;14349;6189;50060;;260
58;1;39798;L;3;0;A3;;14349;19167;50101;;260
58;1;39803;L;3;0;A44;;4086;6189;50116;;272
58;1;39804;L;3;0;A52;;8881;16686;50128;;292
58;1;39808;L;3;0;L712;;11256;15490;50057;;511
58;1;39990;L;3;0;B61;;11256;2820;50424;;277
58;1;39992;L;3;0;B61;;2820;20296;50424;;277
58;1;39994;L;3;0;B64;;20007;11938;50427;;277
58;1;39995;L;3;0;B66;;3782;15490;50429;;277
58;1;39996;L;3;0;B66;;15490;3125;50429;;511
58;1;40062;L;3;0;B252;;26850;4038;50272;;277
58;1;40067;L;3;0;L712;;15490;4038;50057;;511
58;1;40072;L;3;0;B239;;11256;5927;50263;;1
58;1;40581;L;3;0;B9;;18347;13094;50451;;262
58;1;40757;L;3;0;L242;;1658;15122;40667;;262
58;1;40764;L;3;0;L401;;12991;1065;51064;;262
58;1;40766;L;3;0;B50;;3947;27926;50399;;262
58;1;40767;L;3;0;B50;;3842;8772;50399;;262
58;1;40825;L;3;0;B42;;22358;13841;50345;;1
58;1;40864;L;3;0;B421;;28334;5717;50347;;262
58;1;40865;L;3;0;B421;;5717;24433;50347;;262
58;1;40929;L;3;0;B38;;27878;14979;50328;;1
58;1;40930;L;3;0;B38;;18437;10759;50328;;1
58;1;41491;L;3;0;B27a;;28652;20500;42124;;675
58;1;41492;L;3;0;B27a;;28521;24474;42124;;675
58;1;41599;L;3;0;B406;;10134;22504;8808;;265
58;1;41600;L;3;0;B406;;17073;16165;8808;;265
58;1;42058;L;3;0;B523;;27079;23489;50412;;280
58;1;42061;L;3;0;B523;;23489;25752;50412;;280
58;1;42128;L;3;0;B297;;13553;15987;50579;;263
58;1;42160;L;3;0;B313;;7450;24720;50315;;263
58;1;42184;L;3;0;B465;;15617;3721;50376;;263
58;1;42345;L;3;0;B308;20912;11539;22854;50311;;264
58;1;42362;L;3;0;S2133;;18630;5759;42361;;1071
58;1;42363;L;3;0;S2133;;5759;21932;42361;;377
58;1;42374;L;3;0;B299;;9453;17300;50303;;296
58;1;42375;L;3;0;S2181;;18425;27801;50790;;296
58;1;42415;L;3;0;S2215;;18846;6120;42414;;1101
58;1;42416;L;3;0;S2215;;6120;16743;42414;;387
58;1;42473;L;3;0;B279;;3916;2819;9145;;627
58;1;42474;L;3;0;B279;;2819;2765;9145;;627
58;1;42475;L;3;0;B279;;2765;3055;9145;;264
58;1;42476;L;3;0;S2051;;8327;19396;31476;;264
58;1;42477;L;3;0;S2051;;19396;23323;31476;;294
58;1;42548;L;3;0;B178;;19109;415;50470;;278
58;1;42607;L;3;0;A4;;5363;6319;50112;;269
58;1;42944;L;3;0;S31;;4115;19765;42939;;269
58;1;42946;L;3;0;S38;;20985;27332;42941;;288
58;1;42971;L;3;0;S46;;16638;9871;42970;;288
58;1;42975;L;3;0;S38;;26491;9608;42941;;288
58;1;43173;L;3;0;S2143;;15160;2615;31359;;264
58;1;43221;L;3;0;A281;;4561;61;50098;;358
58;1;43223;L;3;0;A281;;620;18484;50098;;358
58;1;43414;L;3;0;B455;;201;8327;50367;;261
58;1;43416;L;3;0;B255;;21434;11229;50275;;1
58;1;43417;L;3;0;B38;;21280;5680;50328;;261
58;1;43418;L;3;0;B42;;27595;22358;50345;;261
58;1;43419;L;3;0;B44;;16523;9729;50360;;261
58;1;43420;L;3;0;B44;;9729;8098;50360;;261
58;1;43421;L;3;0;B62;;16562;768;50425;;261
58;1;43422;L;3;0;B45;;12180;9734;50366;;261
58;1;43423;L;3;0;B45;;9734;5904;50366;;261
58;1;43424;L;3;0;B278;;3916;25222;9144;;1
58;1;43425;L;3;0;B278;;25222;6895;9144;;1
58;1;43426;L;3;0;B80;;10559;27951;50490;;1
58;1;43427;L;3;0;B80;;27951;16158;50490;;1
58;1;43429;L;3;0;B277;;11229;27523;50293;;261
58;1;43500;L;3;0;A14;;16371;10378;51281;;270
58;1;43655;L;3;0;B246;;18495;14428;50266;;1
58;1;43671;L;3;0;B246a;;10356;23596;50267;;270
58;1;43673;L;3;0;B246a;;23596;4934;50267;;270
58;1;43818;L;3;0;B87;;17955;15454;50449;;1
58;1;43923;L;3;0;B81;;12409;10358;51288;;270
58;1;43925;L;3;0;B81;;10358;16371;51288;;270
58;1;44079;L;3;0;L3220;;7746;9997;44078;;285
58;1;44080;L;3;0;L3220;;9997;22857;44078;;285
58;1;44081;L;3;0;L3220;;22857;28410;44078;;285
58;1;44152;L;3;0;L3202;;659;8874;44231;;1
58;1;44189;L;3;0;L3196;;3793;24566;44188;;275
58;1;44190;L;3;0;L3196;;24566;12811;44188;;275
58;1;44206;L;3;0;L3178;;8239;2878;44205;;261
58;1;44207;L;3;0;L3178;;9505;8239;44205;;261
58;1;44259;L;3;0;L3031;;2656;26622;44256;;261
58;1;44260;L;3;0;L3031;;294;2656;44256;;261
58;1;44408;L;3;0;B279;;8531;3916;9145;;1
58;1;44710;L;3;0;B199;;7894;13116;50481;;256
58;1;44713;L;3;0;B201;;23055;13116;50482;;256
58;1;45080;L;3;0;B7;;13241;11435;50434;;261
58;1;45082;L;3;0;A44;;13241;6895;50116;;261
58;1;45107;L;3;0;L3042;;4544;11229;45106;;281
58;1;45108;L;3;0;L3042;;11229;5726;45106;;281
58;1;45130;L;3;0;L3044;;16205;6343;45129;;281
58;1;45131;L;3;0;L3044;;6343;10318;45129;;281
58;1;45132;L;3;0;L3044;;10318;5971;45129;;281
58;1;45157;L;3;0;L3046;;6161;17009;45156;;281
58;1;45158;L;3;0;L3046;;17009;11229;45156;;281
58;1;45205;L;3;0;L3053;;5060;27523;45204;;261
58;1;45206;L;3;0;L3053;;27523;3909;45204;;261
58;1;45300;L;3;0;L3149;;12742;4268;45299;;650
58;1;45301;L;3;0;L3149;;4268;16499;45299;;650
58;1;45320;L;3;0;L3155;;8907;23354;45319;;285
58;1;45321;L;3;0;L3155;;23354;18224;45319;;285
58;1;45385;L;3;0;L3214;;8471;17955;45384;;285
58;1;45386;L;3;0;L3214;;17955;28410;45384;;285
58;1;45501;L;3;0;A71;;23470;24994;45503;;1
58;1;45502;L;3;0;A71;;24994;7282;45503;;1
58;1;45576;L;3;0;L1027;;9400;23096;51188;;271
58;1;45619;L;3;0;B85;;22494;27104;50448;;1
58;1;45620;L;3;0;B85;;27104;3440;50448;;1
58;1;45621;L;3;0;B88;;12422;12728;50450;;1
58;1;45622;L;3;0;B88;;28177;12422;50450;;1
58;1;45658;L;3;0;B281;;22494;25686;50296;;271
58;1;46027;L;3;0;L615;;27984;22478;51280;;258
58;1;46527;L;3;0;S2119;;18279;8625;46526;;599
58;1;46528;L;3;0;S2119;;8625;26345;46526;;599
58;1;46529;L;3;0;S2119;;26345;6714;46526;;599
58;1;46576;L;3;0;A93;;27020;11678;50175;;264
58;1;46578;L;3;0;B15;;16674;11678;50207;;264
58;1;46585;L;3;0;B299;;17300;6698;50303;;1
58;1;46631;L;3;0;S2166;;8263;27022;46630;;296
58;1;46632;L;3;0;S2166;;27022;26390;46630;;296
58;1;46640;L;3;0;S2169;;8343;17300;46639;;679
58;1;46641;L;3;0;S2169;;17300;16674;46639;;679
58;1;46650;L;3;0;S2395;;27801;957;46649;;561
58;1;46651;L;3;0;S2395;;18454;7928;46649;;561
58;1;46659;L;3;0;S2665;;20741;13381;46658;;296
58;1;46660;L;3;0;S2665;;13381;28138;46658;;264
58;1;46675;L;3;0;S2154;;23659;26561;46674;;296
58;1;46676;L;3;0;S2154;;26561;7928;46674;;561
58;1;46677;L;3;0;S2154;;7928;5096;46674;;296
58;1;46685;L;3;0;S2170;;23635;27593;46684;;679
58;1;46686;L;3;0;S2170;;27593;16674;46684;;679
58;1;46721;L;3;0;K OAL2;;20409;11978;50850;;590
58;1;46725;L;3;0;S2001;;22878;22325;46724;;510
58;1;46726;L;3;0;S2001;;22325;27178;46724;;299
58;1;46735;L;3;0;S2009;;13391;15372;46734;;299
58;1;46736;L;3;0;S2009;;15372;16987;46734;;299
58;1;46746;L;3;0;S2012;;13986;19159;46745;;590
58;1;46747;L;3;0;S2012;;19159;7322;46745;;299
58;1;46783;L;3;0;B8;;28269;16666;50444;;303
58;1;46824;L;3;0;S2299;;27370;16666;46823;;521
58;1;46825;L;3;0;S2299;;16666;28350;46823;;521
58;1;46842;L;3;0;S2303;;15127;4997;46841;;521
58;1;46843;L;3;0;S2303;;4997;4982;46841;;521
58;1;46894;L;3;0;S2331;;11784;7266;46893;;294
58;1;46895;L;3;0;S2331;;7266;17403;46893;;294
58;1;46905;L;3;0;S2085;;15126;17403;46904;;294
58;1;46906;L;3;0;S2085;;17403;16421;46904;;264
58;1;46916;L;3;0;S2082;;7722;7266;46915;;294
58;1;46917;L;3;0;S2082;;7266;15040;46915;;264
58;1;46931;L;3;0;S2045;;23479;1788;50748;;294
58;1;46940;L;3;0;S2339;;7513;5574;46939;;372
58;1;46941;L;3;0;S2339;;5574;8278;46939;;294
58;1;46957;L;3;0;K ED5;;19914;17411;46956;;403
58;1;46958;L;3;0;K ED5;;17411;23337;46956;;403
58;1;46959;L;3;0;K ED5;;23337;8278;46956;;403
58;1;46996;L;3;0;S2194;;24471;17766;46995;;470
58;1;46997;L;3;0;S2194;;17766;23419;46995;;470
58;1;46998;L;3;0;S2194;;23419;9021;46995;;470
58;1;47022;L;3;0;B105;;24785;9525;50194;;268
58;1;47051;L;3;0;B105;;27869;22016;50194;;268
58;1;47052;L;3;0;B105;;22016;21655;50194;;268
58;1;47053;L;3;0;B104;;23504;10163;50193;;268
58;1;47070;L;3;0;L191;25350;249;22016;47069;;268
58;1;47179;L;3;0;L09;;21196;20067;37535;;14292
58;1;47180;L;3;0;L09;;20067;18959;37535;;14292
58;1;47231;L;3;0;L191;;22016;13325;47069;;268
58;1;47247;L;3;0;B96;28613;24785;892;50458;;268
58;1;47584;L;3;0;L190;;15111;26780;50941;;258
58;1;47594;L;3;0;L389;;28247;13576;50965;;452
58;1;47616;L;3;0;B217;;24336;10561;50496;;258
58;1;47629;L;3;0;B442;;2811;18443;50362;;258
58;1;47631;L;3;0;B441;;28141;10561;50361;;258
58;1;47632;L;3;0;B61;;20296;3159;50424;;258
58;1;47662;L;3;0;B243;;23780;11490;50504;;258
58;1;47676;L;3;0;A395;;27984;4431;50111;;258
58;1;47804;L;3;0;B224;;24130;28148;50254;;279
58;1;47805;L;3;0;B224;;7467;8881;50254;;260
58;1;47806;L;3;0;B224;;8881;20984;50254;;260
58;1;47813;L;3;0;B9;;14027;13734;50451;;279
58;1;47814;L;3;0;B7;;10269;12627;50434;;272
58;1;47816;L;3;0;B9;;13734;18760;50451;;279
58;1;47817;L;3;0;B57;;7615;267;50419;;306
58;1;47818;L;3;0;B57;;17594;14027;50419;;260
58;1;47823;L;3;0;B54;;6189;27340;50414;;272
58;1;47840;L;3;0;B227;;4544;7467;8619;;260
58;1;47841;L;3;0;B227;;7467;8881;8619;;260
58;1;48177;L;3;0;L260;;275;276;48176;;306
58;1;48178;L;3;0;L260;;272;273;48176;;306
58;1;48215;L;3;0;L386;;13554;307;56660;;262
58;1;48254;L;3;0;L395;;4721;12991;48253;;262
58;1;48274;L;3;0;L395;;7199;28091;48253;;262
58;1;48318;L;3;0;B257;;3947;5717;50277;;262
58;1;48323;L;3;0;B48;;7200;2747;50389;;262
58;1;48356;L;3;0;B410;;9027;16836;50526;;262
58;1;48380;L;3;0;L395;;12991;7199;48253;;262
58;1;48446;L;3;0;B50;;3641;21560;50399;;262
58;1;48472;L;3;0;L242;;8926;3842;40667;;262
58;1;48610;L;3;0;B9;;16094;16442;50451;;262
58;1;49231;L;3;0;B202;;21417;13448;50234;;256
58;1;50037;L;3;0;S258;;28589;24747;50036;;274
58;1;51125;L;3;0;B169;;1798;5363;50212;;274
58;1;51349;L;3;0;B183A;;5789;27223;50472;;288
58;1;51362;L;3;0;S36;;8286;14042;51113;;269
58;1;51433;L;3;0;S177;;16940;20956;51126;;278
58;1;51444;L;3;0;S258;;24747;18603;50036;;274
58;1;51452;L;3;0;S177;;20956;20488;51126;;278
58;1;51547;L;3;0;S126;;23042;27213;51546;;433
58;1;51550;L;3;0;S126;;27213;27211;51546;;433
58;1;51645;L;3;0;S46;;21246;9882;42970;;288
58;1;51649;L;3;0;S46;;9882;16638;42970;;288
58;1;52008;L;3;0;B437;;21885;24773;50358;;258
58;1;52017;L;3;0;B212;;8711;18823;50243;;258
58;1;52078;L;3;0;B215;;26258;22046;50246;;258
58;1;52082;L;3;0;B440;;26364;22046;50532;;632
58;1;52083;L;3;0;B74;;4554;24382;50439;;1
58;1;52098;L;3;0;B216;;5593;5654;50483;;258
58;1;52100;L;3;0;B248;;4431;28017;50269;;258
58;1;52103;L;3;0;B73;;24382;5537;50438;;258
58;1;52104;L;3;0;B188;;4952;28017;50225;;258
58;1;52109;L;3;0;B444;;20209;25848;50364;;258
58;1;52121;L;3;0;L410;;22735;23805;50968;;258
58;1;52132;L;3;0;B214;;18723;5337;50245;;258
58;1;52168;L;3;0;B210;;27932;27715;50241;;258
58;1;52169;L;3;0;B83;;10481;5164;50446;;258
58;1;52187;L;3;0;L815;;27441;27715;50997;;258
58;1;52196;L;3;0;L382;;15111;1458;50963;;258
58;1;52197;L;3;0;L810;;11973;12048;50996;;421
58;1;52213;L;3;0;L460;;23292;24631;50975;;451
58;1;52243;L;3;0;L290;;28017;22376;50948;;258
58;1;52245;L;3;0;L472;;22477;9691;50976;;258
58;1;52246;L;3;0;L492;;27269;22893;50981;;467
58;1;52247;L;3;0;B240;;7424;9632;50503;;258
58;1;52248;L;3;0;L360;;16571;6852;50959;;451
58;1;52249;L;3;0;L211;;3939;6761;50942;;661
58;1;52250;L;3;0;L171;;26364;27848;50939;;258
58;1;52251;L;3;0;L216;;22629;16302;50943;;518
58;1;52268;L;3;0;L580;;1663;6861;50991;;258
58;1;52275;L;3;0;L482;;9632;28660;38694;;467
58;1;52287;L;3;0;L380;;23292;18017;50961;;451
58;1;52296;L;3;0;L48;;15833;17021;52212;;400
58;1;52343;L;3;0;B171;;19536;23167;50466;;269
58;1;52346;L;3;0;S31;;19765;24852;42939;;269
58;1;52350;L;3;0;S36;;25484;18926;51113;;269
58;1;52352;L;3;0;S36;;18926;27770;51113;;269
58;1;52353;L;3;0;S36;;27770;8286;51113;;269
58;1;52408;L;3;0;B92;;23583;20531;50454;;274
58;1;52410;L;3;0;B95;;9564;5363;50457;;274
58;1;52412;L;3;0;B95;;5363;192;50457;;269
58;1;52416;L;3;0;B96;;28449;3206;50458;;278
58;1;52432;L;3;0;B92;;20531;8966;50454;;1
58;1;52433;L;3;0;B2;;2669;27906;50232;;267
58;1;52434;L;3;0;B6;;28166;16940;50423;;269
58;1;52435;L;3;0;B101;;1798;1497;50190;;274
58;1;52436;L;3;0;B101;;1497;8206;50190;;274
58;1;52437;L;3;0;B101;;8206;16940;50190;;269
58;1;52438;L;3;0;B107;;5363;21863;50196;;274
58;1;52439;L;3;0;B107;;21863;9608;50196;;269
58;1;52440;L;3;0;B107;;9608;6845;50196;;288
58;1;52441;L;3;0;B172;;6320;20488;50467;;278
58;1;52442;L;3;0;B172;;20488;23172;50467;;278
58;1;52443;L;3;0;B175;;21863;6450;50216;;269
58;1;52444;L;3;0;B169;;5363;6450;50212;;1
58;1;52445;L;3;0;B180;;24747;910;50219;;1
58;1;52534;L;3;0;B10;;13184;20395;50188;;263
58;1;52535;L;3;0;B10;;20395;17667;50188;;263
58;1;52750;L;3;0;B45;;24088;17980;50366;;1
58;1;53431;L;3;0;L763;;4253;19357;53426;;1
58;1;53432;L;3;0;B40;;18306;8531;50331;;261
58;1;53577;L;3;0;A7;;8531;13241;50163;;261
58;1;53578;L;3;0;B8;;10521;8091;50444;;275
58;1;53701;L;3;0;L3094;;18745;9729;53685;;1
58;1;53702;L;3;0;L3094;;9729;5680;53685;;1
58;1;53711;L;3;0;L3065;;4614;9734;53710;;275
58;1;53712;L;3;0;L3065;;9734;10521;53710;;275
58;1;53734;L;3;0;L3413;;21342;9734;53733;;275
58;1;53735;L;3;0;L3413;;9734;4644;53733;;275
58;1;53753;L;3;0;L3018;;27595;11701;59596;;275
58;1;53954;L;3;0;L48;;17021;10899;52212;;400
58;1;54018;L;3;0;B191;;25832;5654;50228;;258
58;1;54051;L;3;0;B73;;5537;968;50438;;371
58;1;54080;L;3;0;L213;;6699;10611;54079;;453
58;1;54081;L;3;0;L213;;10611;7887;54079;;453
58;1;54091;L;3;0;L111;;24382;27865;54090;;666
58;1;54092;L;3;0;L111;;27865;18275;54090;;258
58;1;54113;L;3;0;L234;;1346;22629;54112;;258
58;1;54114;L;3;0;L234;;22629;27828;54112;;453
58;1;54126;L;3;0;B3;;18913;7072;50305;;258
58;1;54143;L;3;0;B4;;4431;9147;51232;;258
58;1;54220;L;3;0;B436;;15355;11416;50357;;258
58;1;54249;L;3;0;L390;;27286;23772;38766;;451
58;1;54250;L;3;0;L390;;23772;8722;38766;;451
58;1;54443;L;3;0;L39;;19568;23691;54442;;437
58;1;54444;L;3;0;L39;;23691;21564;54442;;258
58;1;54464;L;3;0;L383;;16513;16961;38750;;451
58;1;54465;L;3;0;L383;;16961;4952;38750;;451
58;1;54473;L;3;0;A31;;15833;17021;50103;;258
58;1;54474;L;3;0;A31;;17021;15355;50103;;258
58;1;54475;L;3;0;A31;;15355;7084;50103;;258
58;1;54492;L;3;0;L6;;18818;7443;9638;;258
58;1;54493;L;3;0;L6;;7443;5318;9638;;719
58;1;54505;L;3;0;B495;;4603;11172;54504;;258
58;1;54520;L;3;0;B215;;18723;26258;50246;;258
58;1;54523;L;3;0;B402;;7104;17021;8802;;400
58;1;54524;L;3;0;B402;;17021;8595;8802;;258
58;1;54526;L;3;0;L232;;5671;26233;54234;;54525
58;1;54535;L;3;0;L232;;2641;5671;54234;;258
58;1;54540;L;3;0;B213;;15832;5436;50244;;258
58;1;54618;L;3;0;S242;;19217;8856;51130;;269
58;1;54619;L;3;0;S242;;8856;7993;51130;;58411
58;1;54620;L;3;0;S242;;7458;9856;51130;;288
58;1;54738;L;3;0;L1100;;24913;16079;30959;;300
58;1;54739;L;3;0;L1100;;16079;10994;30959;;300
58;1;54767;L;3;0;L1192;;24913;15439;30981;;300
58;1;54768;L;3;0;L1192;;15439;7496;30981;;300
58;1;54788;L;3;0;L1205;;24913;24920;54787;;675
58;1;54789;L;3;0;L1205;;24920;19020;54787;;300
58;1;54857;L;3;0;L1192;;7496;10097;30981;;300
58;1;54876;L;3;0;B14;;11986;11342;50206;;263
58;1;54877;L;3;0;B14;;11342;24913;50206;;263
58;1;54878;L;3;0;B28;;24796;8300;50294;;263
58;1;54879;L;3;0;B28;;17889;11342;50294;;263
58;1;54880;L;3;0;B28;;25784;21491;50294;;263
58;1;54882;L;3;0;B31;;9551;8210;50312;;280
58;1;54883;L;3;0;B31;;8210;6108;50312;;280
58;1;54884;L;3;0;B32;;21142;24012;50318;;263
58;1;54885;L;3;0;B32;;24012;10873;50318;;263
58;1;54892;L;3;0;B294;;8300;20395;50301;;284
58;1;54893;L;3;0;B294;;20395;4628;50301;;284
58;1;54894;L;3;0;B311;;8847;17156;50313;;263
58;1;54895;L;3;0;B311;;21745;25879;50313;;263
58;1;54898;L;3;0;B312;;3500;3721;50314;;263
58;1;54899;L;3;0;B312;;3721;28577;50314;;263
58;1;54900;L;3;0;B312;;21491;17133;50314;;263
58;1;54902;L;3;0;B462;;22124;22985;50373;;263
58;1;54903;L;3;0;B462;;8300;9012;50373;;263
58;1;54904;L;3;0;B463;;24012;3037;50374;;263
58;1;54905;L;3;0;B463;;3037;11986;50374;;263
58;1;54906;L;3;0;B463;;11986;5266;50374;;263
58;1;54907;L;3;0;B465;;3721;17844;50376;;263
58;1;54908;L;3;0;B465;;17844;13553;50376;;263
58;1;54909;L;3;0;B466;;17707;10961;50377;;263
58;1;54910;L;3;0;B466;;10961;18985;50377;;263
58;1;54911;L;3;0;B500;;26695;11560;50400;;263
58;1;54912;L;3;0;B500;;11560;25656;50400;;263
58;1;54913;L;3;0;B500;;8300;2953;50400;;263
58;1;54914;L;3;0;B500;;2953;12377;50400;;284
58;1;54943;L;3;0;B33;;6108;19471;50323;;280
58;1;54944;L;3;0;B33;;19471;24796;50323;;280
58;1;54964;L;3;0;B31;;6108;24720;50312;;263
58;1;54965;L;3;0;B31;;24720;8400;50312;;263
58;1;54966;L;3;0;B31;;8400;15767;50312;;1
58;1;54967;L;3;0;B32;;26833;21142;50318;;263
58;1;54972;L;3;0;B492;;11238;10011;51231;;1
58;1;54973;L;3;0;B492;;6726;3994;51231;;263
58;1;54981;L;3;0;B317;;16222;25540;50583;;280
58;1;54982;L;3;0;B317;;27059;16222;50583;;280
58;1;55244;L;3;0;B62;;937;23951;50425;;1
58;1;55307;L;3;0;L98;;22869;5454;55541;;262
58;1;55308;L;3;0;L98;;5454;16836;55541;;262
58;1;55309;L;3;0;L465;;3744;28558;51074;;262
58;1;55310;L;3;0;L465;;28558;15052;51074;;262
58;1;55311;L;3;0;L530;;9005;10863;51079;;262
58;1;55312;L;3;0;L530;;10863;16094;51079;;262
58;1;55653;L;3;0;L386;;18961;13554;56660;;262
58;1;55750;L;3;0;B49;;5454;13841;50396;;262
58;1;55751;L;3;0;B41;;2864;2747;50342;;262
58;1;55752;L;3;0;B41;;2747;117;50342;;262
58;1;55753;L;3;0;B41;;1523;12539;50342;;262
58;1;55756;L;3;0;B258;;16836;3985;50278;;1
58;1;55803;L;3;0;A46;;1680;4667;50120;;272
58;1;55860;L;3;0;B62;;23951;3767;50425;;657
58;1;55869;L;3;0;L763;;15647;4253;53426;;277
58;1;55928;L;3;0;A1;;3985;7579;50060;;410
58;1;56505;L;3;0;B49;;13841;17370;50396;;262
58;1;56563;L;3;0;L318;;13295;5975;40529;;262
58;1;56574;L;3;0;L318;;5975;17370;40529;;262
58;1;56642;L;3;0;L242;;15122;8926;40667;;262
58;1;56798;L;3;0;B28a;;11986;22109;30692;;263
58;1;56804;L;3;0;B28a;;22109;25784;30692;;263
58;1;57018;L;3;0;B95;;339;335;50457;;269
58;1;57029;L;3;0;S8;;23007;1034;51618;;58409
58;1;57030;L;3;0;S8;;23004;20961;51618;;58409
58;1;57663;L;3;0;A20;;2861;16254;50081;;256
58;1;57801;L;3;0;B464;;21491;5100;50375;;263
58;1;57802;L;3;0;B464;;5100;21436;50375;;263
58;1;57838;L;3;0;B3;;7105;14942;50305;;263
58;1;57839;L;3;0;B3;;14942;19471;50305;;263
58;1;57840;L;3;0;B3;;464;2953;50305;;263
58;1;57841;L;3;0;B3;;7531;13184;50305;;284
58;1;57842;L;3;0;B10;;17667;24913;50188;;263
58;1;57843;L;3;0;B14;;22124;11986;50206;;263
58;1;57844;L;3;0;B27;;10994;17443;50287;;263
58;1;57845;L;3;0;B30;;8400;21142;50580;;302
58;1;57846;L;3;0;B34;;24069;16098;50324;;280
58;1;57847;L;3;0;B290;;2792;25253;50299;;300
58;1;59368;L;3;0;L60;;15832;10545;59367;;400
58;1;59369;L;3;0;L60;;10545;20890;59367;;587
58;1;60093;L;3;0;B37;;12991;16094;50327;;1
58;1;60299;L;3;0;S2236;;15309;10615;60298;;264
58;1;60300;L;3;0;S2236;;10615;8041;60298;;291
58;1;60301;L;3;0;S2236;;8041;8010;60298;;264
58;1;60317;L;3;0;S2246;;28220;1504;60316;;291
58;1;60318;L;3;0;S2246;;1504;9815;60316;;291
58;1;60349;L;3;0;S2404;;19162;11372;60348;;572
58;1;60350;L;3;0;S2404;;11372;12012;60348;;572
58;1;60366;L;3;0;S2445;2294;17839;16967;60365;;627
58;1;60367;L;3;0;S2445;2294;16967;11189;60365;;1
58;1;60867;L;3;0;S2187;;6559;22929;60866;;295
58;1;60868;L;3;0;S2187;;22929;11025;60866;;334
58;1;61049;L;3;0;S2260;;14541;8839;61048;;303
58;1;61050;L;3;0;S2260;;8839;11569;61048;;264
58;1;61051;L;3;0;S2260;;11569;6576;61048;;295
58;1;61052;L;3;0;S2260;;6576;19330;61048;;412
58;1;61339;L;3;0;S2014;;13309;23225;61338;;264
58;1;61340;L;3;0;S2014;;23225;1621;61338;;294
58;1;61362;L;3;0;S2384;;20630;10961;13805;;705
