CID;TABCD;LCD;NEG_OFF_LCD;POS_OFF_LCD
58;1;34;9034;9036
58;1;1987;;1990
58;1;1990;1987;
58;1;3011;;3013
58;1;3013;3011;
58;1;5206;7056;43500
58;1;6465;;6466
58;1;6466;6465;
58;1;6483;;6484
58;1;6484;6483;
58;1;6488;39038;39039
58;1;6654;;6655
58;1;6655;6654;6656
58;1;6656;6655;
58;1;6711;;6712
58;1;6712;6711;6713
58;1;6713;6712;
58;1;6838;;6839
58;1;6839;6838;
58;1;7000;;7001
58;1;7001;7000;55928
58;1;7005;39797;7006
58;1;7006;7005;7007
58;1;7007;7006;7008
58;1;7008;7007;7009
58;1;7009;7008;7010
58;1;7010;7009;
58;1;7012;7017;7013
58;1;7013;7012;7014
58;1;7014;7013;7015
58;1;7015;7014;7016
58;1;7016;7015;7017
58;1;7017;7016;7012
58;1;7018;;32602
58;1;7023;;7024
58;1;7024;7023;
58;1;7031;43500;7032
58;1;7032;7031;
58;1;7034;7215;
58;1;7035;7036;
58;1;7036;;7035
58;1;7041;;7042
58;1;7042;7041;7043
58;1;7043;7042;7044
58;1;7044;7043;7045
58;1;7045;7044;
58;1;7046;57663;7047
58;1;7047;7046;
58;1;7053;;7054
58;1;7054;7053;7055
58;1;7055;7054;
58;1;7056;;5206
58;1;7058;7092;
58;1;7063;;7064
58;1;7064;7063;7065
58;1;7065;7064;
58;1;7066;;7067
58;1;7067;7066;
58;1;7070;;7071
58;1;7071;7070;
58;1;7073;;7074
58;1;7074;7073;7075
58;1;7075;7074;7076
58;1;7076;7075;7077
58;1;7077;7076;39798
58;1;7080;39798;
58;1;7081;38987;7082
58;1;7082;7081;
58;1;7083;;7084
58;1;7084;7083;54473
58;1;7085;;7086
58;1;7086;7085;
58;1;7088;;7089
58;1;7089;7088;
58;1;7091;;7092
58;1;7092;7091;7058
58;1;7093;;38997
58;1;7095;;47676
58;1;7096;;7097
58;1;7097;7096;7099
58;1;7099;7097;7100
58;1;7100;7099;42607
58;1;7101;42607;
58;1;7102;;7103
58;1;7103;7102;7104
58;1;7104;7103;
58;1;7106;;7107
58;1;7107;7106;
58;1;7108;;7109
58;1;7109;7108;7110
58;1;7110;7109;39803
58;1;7111;39803;45082
58;1;7114;;7115
58;1;7115;7114;7116
58;1;7116;7115;
58;1;7117;;7118
58;1;7118;7117;7120
58;1;7120;7118;55803
58;1;7122;;7123
58;1;7123;7122;
58;1;7124;36581;
58;1;7127;;7128
58;1;7128;7127;7129
58;1;7129;7128;7130
58;1;7130;7129;7131
58;1;7131;7130;
58;1;7133;;7134
58;1;7134;7133;7135
58;1;7135;7134;39804
58;1;7147;;7148
58;1;7148;7147;
58;1;7151;;7152
58;1;7152;7151;7154
58;1;7154;7152;
58;1;7155;;7156
58;1;7156;7155;7157
58;1;7157;7156;7158
58;1;7158;7157;7159
58;1;7159;7158;
58;1;7160;;7162
58;1;7162;7160;7163
58;1;7163;7162;
58;1;7165;;7166
58;1;7166;7165;7167
58;1;7167;7166;7168
58;1;7168;7167;7169
58;1;7169;7168;
58;1;7170;;7171
58;1;7171;7170;
58;1;7177;;7178
58;1;7178;7177;
58;1;7182;;7183
58;1;7183;7182;
58;1;7185;;7186
58;1;7186;7185;
58;1;7189;;7190
58;1;7190;7189;7191
58;1;7191;7190;53577
58;1;7192;53577;7193
58;1;7193;7192;7194
58;1;7194;7193;
58;1;7196;;7197
58;1;7197;7196;
58;1;7198;;7199
58;1;7199;7198;7200
58;1;7200;7199;7216
58;1;7201;31800;31423
58;1;7202;;7203
58;1;7203;7202;7204
58;1;7204;7203;7206
58;1;7206;7204;7207
58;1;7207;7206;7210
58;1;7210;7207;
58;1;7213;8421;7214
58;1;7214;7213;8422
58;1;7215;;7034
58;1;7216;7200;
58;1;7219;;7220
58;1;7220;7219;7221
58;1;7221;7220;
58;1;7224;;7226
58;1;7226;7224;7227
58;1;7227;7226;46576
58;1;7232;;7233
58;1;7233;7232;
58;1;7235;;7238
58;1;7238;7235;
58;1;7240;;7241
58;1;7241;7240;
58;1;7738;;7739
58;1;7739;7738;
58;1;7750;;7751
58;1;7751;7750;
58;1;7760;;7761
58;1;7761;7760;
58;1;7898;;7899
58;1;7899;7898;
58;1;7997;;7998
58;1;7998;7997;
58;1;8011;;8012
58;1;8012;8011;
58;1;8072;;8073
58;1;8073;8072;8074
58;1;8074;8073;
58;1;8421;;7213
58;1;8422;7214;
58;1;8424;;8425
58;1;8425;8424;8426
58;1;8426;8425;8427
58;1;8427;8426;8428
58;1;8428;8427;8429
58;1;8429;8428;8430
58;1;8430;8429;38561
58;1;8431;38561;8432
58;1;8432;8431;8433
58;1;8433;8432;8434
58;1;8434;8433;8435
58;1;8435;8434;8436
58;1;8436;8435;8437
58;1;8437;8436;
58;1;8438;;8439
58;1;8439;8438;52534
58;1;8441;57842;8442
58;1;8442;8441;
58;1;8444;52437;8445
58;1;8445;8444;8446
58;1;8446;8445;8447
58;1;8447;8446;32871
58;1;8448;;8449
58;1;8449;8448;8450
58;1;8450;8449;
58;1;8451;;8452
58;1;8452;8451;8453
58;1;8453;8452;
58;1;8454;;47053
58;1;8455;47053;8456
58;1;8456;8455;
58;1;8457;;47051
58;1;8458;47052;47022
58;1;8460;52440;8461
58;1;8461;8460;8462
58;1;8462;8461;
58;1;8463;;8464
58;1;8464;8463;
58;1;8465;;35116
58;1;8467;35116;8469
58;1;8469;8467;
58;1;8470;;8471
58;1;8471;8470;
58;1;8474;;8475
58;1;8475;8474;
58;1;8476;;8477
58;1;8477;8476;8479
58;1;8479;8477;8480
58;1;8480;8479;8482
58;1;8482;8480;36071
58;1;8484;;8485
58;1;8485;8484;8486
58;1;8486;8485;8487
58;1;8487;8486;8488
58;1;8488;8487;8489
58;1;8489;8488;
58;1;8490;;57843
58;1;8492;54877;14171
58;1;8493;14171;36035
58;1;8494;36035;8495
58;1;8495;8494;
58;1;8497;;8498
58;1;8498;8497;8499
58;1;8499;8498;8500
58;1;8500;8499;8501
58;1;8501;8500;36212
58;1;8505;;8506
58;1;8506;8505;8507
58;1;8507;8506;33141
58;1;8509;33141;8510
58;1;8510;8509;
58;1;8511;;8512
58;1;8512;8511;
58;1;8514;;51125
58;1;8515;52444;8516
58;1;8516;8515;
58;1;8517;;8518
58;1;8518;8517;
58;1;8521;35164;8522
58;1;8522;8521;8523
58;1;8523;8522;
58;1;8524;;8525
58;1;8525;8524;52443
58;1;8526;52443;
58;1;8531;;52445
58;1;8532;52445;8533
58;1;8533;8532;8534
58;1;8534;8533;
58;1;8536;;8537
58;1;8537;8536;
58;1;8538;;8539
58;1;8539;8538;
58;1;8540;;8541
58;1;8541;8540;
58;1;8543;52104;8544
58;1;8544;8543;
58;1;8545;;8546
58;1;8546;8545;33583
58;1;8548;31784;8549
58;1;8549;8548;8550
58;1;8550;8549;33060
58;1;8551;33060;33062
58;1;8552;33062;
58;1;8553;;54018
58;1;8554;54018;8555
58;1;8555;8554;
58;1;8556;;8557
58;1;8557;8556;8558
58;1;8558;8557;
58;1;8559;;8560
58;1;8560;8559;
58;1;8561;;8562
58;1;8562;8561;8563
58;1;8563;8562;34182
58;1;8564;;8565
58;1;8565;8564;8566
58;1;8566;8565;8567
58;1;8567;8566;33278
58;1;8568;33278;8569
58;1;8569;8568;8570
58;1;8570;8569;8571
58;1;8571;8570;8572
58;1;8572;8571;8573
58;1;8573;8572;52433
58;1;8574;52433;8575
58;1;8575;8574;8576
58;1;8576;8575;8577
58;1;8577;8576;8578
58;1;8578;8577;34106
58;1;8579;34106;
58;1;8580;;8581
58;1;8581;8580;8582
58;1;8582;8581;8583
58;1;8583;8582;
58;1;8584;;49231
58;1;8585;49231;
58;1;8586;;8587
58;1;8587;8586;
58;1;8589;;8590
58;1;8590;8589;
58;1;8591;;8592
58;1;8592;8591;
58;1;8593;;8594
58;1;8594;8593;8595
58;1;8595;8594;
58;1;8596;;31533
58;1;8597;;52168
58;1;8599;52017;
58;1;8600;;54540
58;1;8601;54540;
58;1;8602;;8603
58;1;8603;8602;52132
58;1;8604;52132;
58;1;8605;;54520
58;1;8608;;8609
58;1;8609;8608;8610
58;1;8610;8609;8611
58;1;8611;8610;
58;1;8617;47804;47805
58;1;8620;;8621
58;1;8621;8620;
58;1;8626;39065;8627
58;1;8627;8626;8628
58;1;8628;8627;39448
58;1;8629;;8630
58;1;8630;8629;40072
58;1;8631;;8632
58;1;8632;8631;8633
58;1;8633;8632;
58;1;8635;43655;8636
58;1;8636;8635;8637
58;1;8637;8636;34126
58;1;8639;;8640
58;1;8640;8639;
58;1;8641;;52100
58;1;8642;52100;
58;1;8643;;8644
58;1;8644;8643;
58;1;8645;;39066
58;1;8646;;39068
58;1;8647;39068;40062
58;1;8648;;39037
58;1;8649;;8650
58;1;8650;8649;
58;1;8651;;43416
58;1;8652;;8653
58;1;8653;8652;8654
58;1;8654;8653;
58;1;8655;;48318
58;1;8656;48318;8657
58;1;8657;8656;
58;1;8658;55308;
58;1;8659;55756;
58;1;8661;39080;8662
58;1;8662;8661;8663
58;1;8663;8662;
58;1;8664;;8665
58;1;8665;8664;
58;1;8666;;8667
58;1;8667;8666;
58;1;8668;;8669
58;1;8669;8668;
58;1;8671;;8672
58;1;8672;8671;
58;1;8673;;8674
58;1;8674;8673;
58;1;8675;;30994
58;1;8676;30994;8677
58;1;8677;8676;8678
58;1;8678;8677;57844
58;1;8679;57844;33061
58;1;8680;33061;36031
58;1;8682;39050;8683
58;1;8683;8682;8684
58;1;8684;8683;
58;1;8687;;8688
58;1;8688;8687;8689
58;1;8689;8688;
58;1;8690;;39077
58;1;8692;39077;39040
58;1;8693;33063;
58;1;8694;;39078
58;1;8696;54879;54880
58;1;8697;54880;14172
58;1;8698;14172;
58;1;8700;;45658
58;1;8701;;8703
58;1;8703;8701;
58;1;8705;;8706
58;1;8706;8705;57847
58;1;8707;;14174
58;1;8708;14174;
58;1;8709;;8710
58;1;8710;8709;54892
58;1;8713;;8714
58;1;8714;8713;33325
58;1;8715;33326;42374
58;1;8718;;8719
58;1;8719;8718;57838
58;1;8720;57839;57840
58;1;8721;57840;57841
58;1;8722;57841;8723
58;1;8723;8722;8724
58;1;8724;8723;39045
58;1;8725;39045;39041
58;1;8726;39044;8727
58;1;8727;8726;8728
58;1;8728;8727;54126
58;1;8729;54126;8730
58;1;8730;8729;8731
58;1;8731;8730;8732
58;1;8732;8731;
58;1;8733;;8735
58;1;8735;8733;33330
58;1;8736;33286;
58;1;8740;;8741
58;1;8741;8740;8742
58;1;8742;8741;
58;1;8743;;8744
58;1;8744;8743;8745
58;1;8745;8744;
58;1;8747;;8748
58;1;8748;8747;42345
58;1;8753;54900;
58;1;8754;42160;8755
58;1;8755;8754;30951
58;1;8758;;54967
58;1;8760;54885;
58;1;8761;;8762
58;1;8762;8761;
58;1;8765;;39290
58;1;8767;;8768
58;1;8768;8767;54943
58;1;8771;;8772
58;1;8772;8771;57846
58;1;8773;;8774
58;1;8774;8773;
58;1;8775;;14173
58;1;8776;14173;8777
58;1;8777;8776;
58;1;8778;60093;8779
58;1;8779;8778;30944
58;1;8781;40930;30945
58;1;8782;;8783
58;1;8783;8782;8784
58;1;8784;8783;
58;1;8785;31517;8786
58;1;8786;8785;8787
58;1;8787;8786;8788
58;1;8788;8787;8789
58;1;8789;8788;8790
58;1;8790;8789;54143
58;1;8791;54143;8792
58;1;8792;8791;8793
58;1;8793;8792;8794
58;1;8794;8793;
58;1;8796;;8798
58;1;8798;8796;36562
58;1;8799;36562;53432
58;1;8804;;8805
58;1;8805;8804;8806
58;1;8806;8805;
58;1;8812;;8813
58;1;8813;8812;55751
58;1;8816;;43418
58;1;8817;40825;
58;1;8818;;8819
58;1;8819;8818;
58;1;8820;;8821
58;1;8821;8820;40864
58;1;8822;40865;
58;1;8823;;8824
58;1;8824;8823;
58;1;8825;;39191
58;1;8828;;39051
58;1;8829;;8830
58;1;8830;8829;
58;1;8833;;8834
58;1;8834;8833;
58;1;8836;;54220
58;1;8837;54220;
58;1;8838;;52008
58;1;8840;;43419
58;1;8841;;47631
58;1;8842;;47629
58;1;8843;;38970
58;1;8844;;52109
58;1;8847;52750;39055
58;1;8848;;8849
58;1;8849;8848;43414
58;1;8850;43414;39035
58;1;8851;;39074
58;1;8852;39036;
58;1;8861;54910;
58;1;8864;;8865
58;1;8865;8864;39081
58;1;8866;;31553
58;1;8867;35192;
58;1;8868;;8869
58;1;8869;8868;8870
58;1;8870;8869;31554
58;1;8871;31554;
58;1;8872;;8873
58;1;8873;8872;8874
58;1;8874;8873;
58;1;8876;;8877
58;1;8877;8876;
58;1;8878;;8879
58;1;8879;8878;8880
58;1;8880;8879;
58;1;8883;;48323
58;1;8884;48323;
58;1;8885;;8886
58;1;8886;8885;
58;1;8892;;8893
58;1;8893;8892;55750
58;1;8894;56505;8895
58;1;8895;8894;
58;1;8897;;8898
58;1;8898;8897;8899
58;1;8899;8898;8900
58;1;8900;8899;8901
58;1;8901;8900;8902
58;1;8902;8901;8903
58;1;8903;8902;8904
58;1;8904;8903;8905
58;1;8905;8904;8906
58;1;8906;8905;8907
58;1;8907;8906;
58;1;8908;;40766
58;1;8909;40766;48446
58;1;8916;;8917
58;1;8917;8916;8918
58;1;8918;8917;8919
58;1;8919;8918;8920
58;1;8920;8919;8922
58;1;8922;8920;8923
58;1;8923;8922;8924
58;1;8924;8923;
58;1;8934;39058;8935
58;1;8935;8934;8936
58;1;8936;8935;47823
58;1;8937;47823;8938
58;1;8938;8937;
58;1;8940;;8941
58;1;8941;8940;8942
58;1;8942;8941;
58;1;8944;;8945
58;1;8945;8944;8946
58;1;8946;8945;
58;1;8947;47817;47818
58;1;8948;47818;
58;1;8949;;8950
58;1;8950;8949;8951
58;1;8951;8950;
58;1;8954;;34917
58;1;8955;34917;8956
58;1;8956;8955;8957
58;1;8957;8956;8958
58;1;8958;8957;8959
58;1;8959;8958;8961
58;1;8961;8959;8962
58;1;8962;8961;8963
58;1;8963;8962;52434
58;1;8964;52434;8965
58;1;8965;8964;8966
58;1;8966;8965;
58;1;8967;;8968
58;1;8968;8967;8969
58;1;8969;8968;39990
58;1;8971;55860;43421
58;1;8972;43421;
58;1;8974;;8975
58;1;8975;8974;39994
58;1;8976;39994;
58;1;8977;39444;8978
58;1;8978;8977;8979
58;1;8979;8978;8980
58;1;8980;8979;
58;1;8981;;39995
58;1;8983;9213;
58;1;8984;;8985
58;1;8985;8984;8986
58;1;8986;8985;
58;1;8989;;8990
58;1;8990;8989;47814
58;1;8991;47814;8992
58;1;8992;8991;39046
58;1;8993;45080;8994
58;1;8994;8993;8995
58;1;8995;8994;8996
58;1;8996;8995;8997
58;1;8997;8996;
58;1;8998;;8999
58;1;8999;8998;9000
58;1;9000;8999;9001
58;1;9001;9000;
58;1;9003;;9004
58;1;9004;9003;9005
58;1;9005;9004;9006
58;1;9006;9005;9007
58;1;9007;9006;9008
58;1;9008;9007;
58;1;9009;;9010
58;1;9010;9009;
58;1;9011;;52103
58;1;9012;;52083
58;1;9013;;9014
58;1;9014;9013;9015
58;1;9015;9014;9016
58;1;9016;9015;
58;1;9017;;9018
58;1;9018;9017;9019
58;1;9019;9018;
58;1;9020;;9021
58;1;9021;9020;
58;1;9023;;9024
58;1;9024;9023;9025
58;1;9025;9024;9026
58;1;9026;9025;9027
58;1;9027;9026;9028
58;1;9028;9027;46783
58;1;9029;46783;9030
58;1;9030;9029;53578
58;1;9031;39079;9032
58;1;9032;9031;9033
58;1;9033;9032;9034
58;1;9034;9033;34
58;1;9036;34;
58;1;9037;;9038
58;1;9038;9037;
58;1;9039;39063;9040
58;1;9040;9039;52169
58;1;9041;39064;9042
58;1;9042;9041;
58;1;9043;;9044
58;1;9044;9043;9045
58;1;9045;9044;9046
58;1;9046;9045;9047
58;1;9047;9046;9048
58;1;9048;9047;45619
58;1;9049;;43818
58;1;9050;43818;9051
58;1;9051;9050;9052
58;1;9052;9051;
58;1;9053;45621;
58;1;9054;40581;48610
58;1;9056;48610;9057
58;1;9057;9056;9058
58;1;9058;9057;9059
58;1;9059;9058;47813
58;1;9066;52416;9067
58;1;9067;9066;9068
58;1;9068;9067;9069
58;1;9069;9068;9070
58;1;9070;9069;9071
58;1;9071;9070;9072
58;1;9072;9071;38345
58;1;9074;47247;
58;1;9075;32885;9076
58;1;9076;9075;9077
58;1;9077;9076;
58;1;9078;;9079
58;1;9079;9078;9080
58;1;9080;9079;
58;1;9081;9842;
58;1;9086;;52343
58;1;9089;;9090
58;1;9090;9089;9091
58;1;9091;9090;
58;1;9092;;42548
58;1;9093;;9094
58;1;9094;9093;
58;1;9095;;51349
58;1;9100;;9101
58;1;9101;9100;
58;1;9105;;44710
58;1;9106;44710;
58;1;9107;;44713
58;1;9108;;52098
58;1;9109;;9110
58;1;9110;9109;
58;1;9111;;9112
58;1;9112;9111;
58;1;9114;;9115
58;1;9115;9114;
58;1;9117;;9118
58;1;9118;9117;
58;1;9119;;43426
58;1;9121;43427;
58;1;9127;;47616
58;1;9134;;52247
58;1;9135;;47662
58;1;9140;;9141
58;1;9141;9140;
58;1;9150;;31428
58;1;9151;;9152
58;1;9152;9151;
58;1;9157;;35088
58;1;9158;35090;9159
58;1;9159;9158;
58;1;9161;;9162
58;1;9162;9161;48356
58;1;9165;;9166
58;1;9166;9165;
58;1;9168;;9169
58;1;9169;9168;
58;1;9170;;52082
58;1;9173;;39031
58;1;9174;39032;39033
58;1;9186;31862;
58;1;9187;;9188
58;1;9188;9187;
58;1;9189;;9190
58;1;9190;9189;9191
58;1;9191;9190;31545
58;1;9203;54505;
58;1;9213;;8983
58;1;9222;;14177
58;1;9223;57845;9224
58;1;9224;9223;
58;1;9225;;31550
58;1;9237;9951;
58;1;9242;;33739
58;1;9243;9311;
58;1;9246;9326;34132
58;1;9248;;34034
58;1;9251;;34152
58;1;9261;32554;
58;1;9262;33537;
58;1;9264;;9311
58;1;9265;33539;
58;1;9267;32558;
58;1;9275;34011;
58;1;9290;;32560
58;1;9302;;32561
58;1;9311;9264;9243
58;1;9321;;32737
58;1;9326;;9246
58;1;9339;;32563
58;1;9348;;32555
58;1;9366;;32556
58;1;9372;32818;
58;1;9386;;32754
58;1;9388;;32551
58;1;9390;;9391
58;1;9391;9390;
58;1;9393;31557;
58;1;9397;;9398
58;1;9398;9397;
58;1;9400;;9401
58;1;9401;9400;9402
58;1;9402;9401;9403
58;1;9403;9402;
58;1;9405;46931;9406
58;1;9406;9405;
58;1;9407;;9408
58;1;9408;9407;
58;1;9409;;31565
58;1;9410;31566;9411
58;1;9411;9410;9412
58;1;9412;9411;9413
58;1;9413;9412;9414
58;1;9414;9413;9415
58;1;9415;9414;9416
58;1;9416;9415;
58;1;9417;31471;9418
58;1;9418;9417;32294
58;1;9419;;32074
58;1;9420;;9421
58;1;9421;9420;
58;1;9423;;9424
58;1;9424;9423;
58;1;9425;;9426
58;1;9426;9425;31569
58;1;9428;;31570
58;1;9429;;9430
58;1;9430;9429;
58;1;9431;;31571
58;1;9433;;31572
58;1;9436;35044;9437
58;1;9437;9436;9438
58;1;9438;9437;9439
58;1;9439;9438;
58;1;9440;;9441
58;1;9441;9440;9442
58;1;9442;9441;
58;1;9444;;9445
58;1;9445;9444;
58;1;9446;;9447
58;1;9447;9446;9448
58;1;9448;9447;
58;1;9449;31576;9450
58;1;9450;9449;
58;1;9451;;9452
58;1;9452;9451;
58;1;9456;;9457
58;1;9457;9456;31578
58;1;9460;;31580
58;1;9461;;9462
58;1;9462;9461;
58;1;9463;;31581
58;1;9465;;9466
58;1;9466;9465;9467
58;1;9467;9466;
58;1;9468;;9469
58;1;9469;9468;
58;1;9473;;9474
58;1;9474;9473;9475
58;1;9475;9474;
58;1;9476;;9477
58;1;9477;9476;
58;1;9478;;9479
58;1;9479;9478;
58;1;9480;;31590
58;1;9481;31590;9482
58;1;9482;9481;
58;1;9483;31592;
58;1;9484;;42375
58;1;9485;42375;
58;1;9486;;9487
58;1;9487;9486;
58;1;9494;;31593
58;1;9495;;9496
58;1;9496;9495;
58;1;9497;;9498
58;1;9498;9497;
58;1;9499;31595;
58;1;9500;;9501
58;1;9501;9500;
58;1;9502;;9503
58;1;9503;9502;
58;1;9505;33332;9506
58;1;9506;9505;9507
58;1;9507;9506;35147
58;1;9508;;9509
58;1;9509;9508;
58;1;9510;32404;9511
58;1;9511;9510;
58;1;9512;;31596
58;1;9513;;9514
58;1;9514;9513;31406
58;1;9515;;9516
58;1;9516;9515;
58;1;9518;;9519
58;1;9519;9518;36179
58;1;9520;;31603
58;1;9522;31604;31605
58;1;9525;;31606
58;1;9530;;31609
58;1;9532;;31611
58;1;9560;46721;
58;1;9565;;33342
58;1;9574;;33348
58;1;9652;;52250
58;1;9654;;47584
58;1;9655;;52249
58;1;9656;;52251
58;1;9661;;52243
58;1;9667;;9668
58;1;9668;9667;
58;1;9673;;52248
58;1;9675;;52287
58;1;9677;;52196
58;1;9680;;47594
58;1;9683;;52121
58;1;9685;;9686
58;1;9686;9685;
58;1;9691;;52213
58;1;9692;;52245
58;1;9697;;52246
58;1;9703;;38985
58;1;9707;;52268
58;1;9712;;52197
58;1;9713;;52187
58;1;9781;40764;
58;1;9830;;52350
58;1;9842;;9081
58;1;9844;;51433
58;1;9939;;45576
58;1;9951;;9237
58;1;9952;;33809
58;1;13458;;35164
58;1;13667;;13668
58;1;13668;13667;
58;1;13704;31996;
58;1;13710;;13711
58;1;13711;13710;
58;1;13806;;61362
58;1;13816;;60366
58;1;13876;45502;
58;1;14169;54878;54879
58;1;14171;8492;8493
58;1;14172;8697;8698
58;1;14173;8775;8776
58;1;14174;8707;8708
58;1;14175;;14176
58;1;14176;14175;
58;1;14177;9222;42128
58;1;14178;54894;54895
58;1;14179;54899;54900
58;1;14180;30951;
58;1;14181;54981;
58;1;14183;54903;
58;1;14186;54906;
58;1;30679;;56798
58;1;30944;8779;
58;1;30945;8781;43417
58;1;30951;8755;14180
58;1;30994;8675;8676
58;1;31289;;31290
58;1;31290;31289;31291
58;1;31291;31290;31292
58;1;31292;31291;
58;1;31310;;31311
58;1;31311;31310;
58;1;31322;;31323
58;1;31323;31322;31324
58;1;31324;31323;
58;1;31335;;31336
58;1;31336;31335;
58;1;31345;;31346
58;1;31346;31345;31347
58;1;31347;31346;31357
58;1;31357;31347;
58;1;31360;;31361
58;1;31361;31360;43173
58;1;31369;;31370
58;1;31370;31369;31371
58;1;31371;31370;
58;1;31378;;31379
58;1;31379;31378;
58;1;31386;;31387
58;1;31387;31386;31388
58;1;31388;31387;
58;1;31399;;31400
58;1;31400;31399;
58;1;31406;9514;31407
58;1;31407;31406;35165
58;1;31423;7201;
58;1;31428;9150;
58;1;31471;;9417
58;1;31517;;8785
58;1;31533;8596;
58;1;31542;;31759
58;1;31545;9191;
58;1;31550;9225;
58;1;31553;8866;35191
58;1;31554;8870;8871
58;1;31557;;9393
58;1;31565;9409;
58;1;31566;;9410
58;1;31569;9426;
58;1;31570;9428;
58;1;31571;9431;
58;1;31572;9433;
58;1;31576;;9449
58;1;31578;9457;
58;1;31580;9460;
58;1;31581;9463;31582
58;1;31582;31581;
58;1;31590;9480;9481
58;1;31592;;9483
58;1;31593;9494;
58;1;31595;;9499
58;1;31596;9512;
58;1;31603;9520;
58;1;31604;;9522
58;1;31605;9522;
58;1;31606;9525;31607
58;1;31607;31606;
58;1;31609;9530;
58;1;31611;9532;
58;1;31669;;31670
58;1;31670;31669;
58;1;31759;31542;31760
58;1;31760;31759;31761
58;1;31761;31760;31762
58;1;31762;31761;
58;1;31783;;31784
58;1;31784;31783;8548
58;1;31800;;7201
58;1;31862;;9186
58;1;31971;;31972
58;1;31972;31971;
58;1;31996;;13704
58;1;32001;;32002
58;1;32002;32001;
58;1;32009;;32010
58;1;32010;32009;
58;1;32018;;32019
58;1;32019;32018;32020
58;1;32020;32019;32021
58;1;32021;32020;
58;1;32074;9419;
58;1;32077;;32078
58;1;32078;32077;
58;1;32087;;32088
58;1;32088;32087;
58;1;32096;;32097
58;1;32097;32096;32098
58;1;32098;32097;
58;1;32112;;32113
58;1;32113;32112;
58;1;32119;36032;32120
58;1;32120;32119;
58;1;32129;;32130
58;1;32130;32129;32131
58;1;32131;32130;
58;1;32155;;32156
58;1;32156;32155;32157
58;1;32157;32156;
58;1;32172;;32321
58;1;32210;;32211
58;1;32211;32210;
58;1;32256;;33389
58;1;32264;;32265
58;1;32265;32264;
58;1;32275;;32277
58;1;32277;32275;
58;1;32286;;32287
58;1;32287;32286;36032
58;1;32294;9418;32295
58;1;32295;32294;
58;1;32321;32172;
58;1;32325;;46675
58;1;32377;36089;
58;1;32403;;32404
58;1;32404;32403;9510
58;1;32464;;32465
58;1;32465;32464;
58;1;32498;;32499
58;1;32499;32498;
58;1;32551;9388;32552
58;1;32552;32551;
58;1;32553;;32554
58;1;32554;32553;9261
58;1;32555;9348;
58;1;32556;9366;
58;1;32558;;9267
58;1;32560;9290;
58;1;32561;9302;
58;1;32563;9339;
58;1;32602;7018;32673
58;1;32673;32602;
58;1;32737;9321;
58;1;32754;9386;
58;1;32818;;9372
58;1;32871;8447;
58;1;32885;;9075
58;1;33001;;33002
58;1;33002;33001;
58;1;33010;;33011
58;1;33011;33010;36088
58;1;33022;;33023
58;1;33023;33022;
58;1;33032;;33033
58;1;33033;33032;
58;1;33047;;33048
58;1;33048;33047;
58;1;33060;8550;8551
58;1;33061;8679;8680
58;1;33062;8551;8552
58;1;33063;;8693
58;1;33080;;33081
58;1;33081;33080;33082
58;1;33082;33081;33083
58;1;33083;33082;
58;1;33100;;33101
58;1;33101;33100;33102
58;1;33102;33101;33103
58;1;33103;33102;
58;1;33141;8507;8509
58;1;33153;;33154
58;1;33154;33153;33155
58;1;33155;33154;
58;1;33166;;33167
58;1;33167;33166;
58;1;33175;;33176
58;1;33176;33175;33177
58;1;33177;33176;33178
58;1;33178;33177;33179
58;1;33179;33178;
58;1;33194;;33195
58;1;33195;33194;33196
58;1;33196;33195;33197
58;1;33197;33196;36077
58;1;33198;36077;33199
58;1;33199;33198;33200
58;1;33200;33199;
58;1;33234;;33235
58;1;33235;33234;33236
58;1;33236;33235;
58;1;33265;;33266
58;1;33266;33265;
58;1;33278;8567;8568
58;1;33286;33330;8736
58;1;33325;8714;33326
58;1;33326;33325;8715
58;1;33330;8735;33286
58;1;33332;;9505
58;1;33342;9565;
58;1;33348;9574;
58;1;33353;;33354
58;1;33354;33353;33355
58;1;33355;33354;
58;1;33369;;33370
58;1;33370;33369;33371
58;1;33371;33370;33372
58;1;33372;33371;46931
58;1;33389;32256;33390
58;1;33390;33389;33391
58;1;33391;33390;33392
58;1;33392;33391;
58;1;33411;;33412
58;1;33412;33411;33413
58;1;33413;33412;
58;1;33426;;33427
58;1;33427;33426;
58;1;33439;;33440
58;1;33440;33439;
58;1;33461;;33462
58;1;33462;33461;33463
58;1;33463;33462;
58;1;33477;;33478
58;1;33478;33477;
58;1;33492;;33493
58;1;33493;33492;
58;1;33537;;9262
58;1;33539;;9265
58;1;33583;8546;
58;1;33739;9242;
58;1;33809;9952;
58;1;33847;34125;
58;1;34011;;9275
58;1;34034;9248;
58;1;34075;;34077
58;1;34077;34075;
58;1;34106;8578;8579
58;1;34125;;33847
58;1;34126;8637;
58;1;34130;;34131
58;1;34131;34130;
58;1;34132;9246;
58;1;34143;;34145
58;1;34145;34143;
58;1;34152;9251;
58;1;34168;;34169
58;1;34169;34168;34170
58;1;34170;34169;34171
58;1;34171;34170;
58;1;34182;8563;
58;1;34917;8954;8955
58;1;35044;35045;9436
58;1;35045;;35044
58;1;35071;;44152
58;1;35076;;35077
58;1;35077;35076;35084
58;1;35084;35077;35085
58;1;35085;35084;
58;1;35088;9157;35089
58;1;35089;35088;35090
58;1;35090;35089;9158
58;1;35116;8465;8467
58;1;35122;46578;
58;1;35147;9507;35148
58;1;35148;35147;
58;1;35164;13458;8521
58;1;35165;31407;
58;1;35191;31553;35192
58;1;35192;35191;8867
58;1;35301;;35302
58;1;35302;35301;
58;1;35310;;35311
58;1;35311;35310;
58;1;35352;;35353
58;1;35353;35352;
58;1;35531;;35532
58;1;35532;35531;35533
58;1;35533;35532;
58;1;35551;;35553
58;1;35553;35551;
58;1;35751;;35752
58;1;35752;35751;35753
58;1;35753;35752;
58;1;36031;8680;39048
58;1;36032;32287;32119
58;1;36035;8493;8494
58;1;36071;8482;
58;1;36077;33197;33198
58;1;36088;33011;36089
58;1;36089;36088;32377
58;1;36097;;36098
58;1;36098;36097;
58;1;36110;;36111
58;1;36111;36110;
58;1;36118;;36119
58;1;36119;36118;
58;1;36134;;36135
58;1;36135;36134;36136
58;1;36136;36135;
58;1;36179;9519;36180
58;1;36180;36179;
58;1;36212;8501;46578
58;1;36224;;36225
58;1;36225;36224;36226
58;1;36226;36225;
58;1;36257;;36258
58;1;36258;36257;
58;1;36434;43423;36435
58;1;36435;36434;
58;1;36516;53753;
58;1;36562;8798;8799
58;1;36578;53432;
58;1;36581;;7124
58;1;37420;53702;
58;1;37644;37877;
58;1;37663;;37664
58;1;37664;37663;37665
58;1;37665;37664;
58;1;37877;;37644
58;1;38118;;38119
58;1;38119;38118;
58;1;38140;;38141
58;1;38141;38140;
58;1;38200;;38201
58;1;38201;38200;
58;1;38294;;38295
58;1;38295;38294;
58;1;38345;9072;47247
58;1;38395;47231;
58;1;38454;;38455
58;1;38455;38454;
58;1;38561;8430;8431
58;1;38695;;52275
58;1;38798;;46027
58;1;38970;8843;
58;1;38985;9703;
58;1;38987;;7081
58;1;38997;7093;
58;1;39031;9173;
58;1;39032;;9174
58;1;39033;9174;39034
58;1;39034;39033;
58;1;39035;8850;
58;1;39036;;8852
58;1;39037;8648;39038
58;1;39038;39037;6488
58;1;39039;6488;
58;1;39040;8692;
58;1;39041;8725;39042
58;1;39042;39041;39043
58;1;39043;39042;39044
58;1;39044;39043;8726
58;1;39045;8724;8725
58;1;39046;8992;45080
58;1;39047;53578;39079
58;1;39048;36031;39049
58;1;39049;39048;39050
58;1;39050;39049;8682
58;1;39051;8828;39052
58;1;39052;39051;39053
58;1;39053;39052;39054
58;1;39054;39053;
58;1;39055;8847;43422
58;1;39056;39081;39057
58;1;39057;39056;
58;1;39058;39059;8934
58;1;39059;39060;39058
58;1;39060;;39059
58;1;39061;;39062
58;1;39062;39061;39063
58;1;39063;39062;9039
58;1;39064;;9041
58;1;39065;;8626
58;1;39066;8645;
58;1;39068;8646;8647
58;1;39074;8851;
58;1;39076;43416;
58;1;39077;8690;8692
58;1;39078;8694;43429
58;1;39079;39047;9031
58;1;39080;;8661
58;1;39081;8865;39056
58;1;39191;8825;
58;1;39290;8765;
58;1;39444;;8977
58;1;39448;8628;
58;1;39796;55928;39797
58;1;39797;39796;7005
58;1;39798;7077;7080
58;1;39803;7110;7111
58;1;39804;7135;
58;1;39808;;40067
58;1;39990;8969;39992
58;1;39992;39990;47632
58;1;39994;8975;8976
58;1;39995;8981;39996
58;1;39996;39995;
58;1;40062;8647;
58;1;40067;39808;
58;1;40072;8630;
58;1;40581;;9054
58;1;40757;;56642
58;1;40764;;9781
58;1;40766;8908;8909
58;1;40767;48446;
58;1;40825;43418;8817
58;1;40864;8821;40865
58;1;40865;40864;8822
58;1;40929;;40930
58;1;40930;40929;8781
58;1;41491;;41492
58;1;41492;41491;
58;1;41599;;41600
58;1;41600;41599;
58;1;42058;;42061
58;1;42061;42058;
58;1;42128;14177;
58;1;42160;;8754
58;1;42184;;54907
58;1;42345;8748;
58;1;42362;;42363
58;1;42363;42362;
58;1;42374;8715;46585
58;1;42375;9484;9485
58;1;42415;;42416
58;1;42416;42415;
58;1;42473;44408;42474
58;1;42474;42473;42475
58;1;42475;42474;
58;1;42476;;42477
58;1;42477;42476;
58;1;42548;9092;
58;1;42607;7100;7101
58;1;42944;;52346
58;1;42946;42975;
58;1;42971;51649;
58;1;42975;;42946
58;1;43173;31361;
58;1;43221;43223;
58;1;43223;;43221
58;1;43414;8849;8850
58;1;43416;8651;39076
58;1;43417;30945;
58;1;43418;8816;40825
58;1;43419;8840;43420
58;1;43420;43419;
58;1;43421;8971;8972
58;1;43422;39055;43423
58;1;43423;43422;36434
58;1;43424;;43425
58;1;43425;43424;
58;1;43426;9119;43427
58;1;43427;43426;9121
58;1;43429;39078;
58;1;43500;5206;7031
58;1;43655;;8635
58;1;43671;;43673
58;1;43673;43671;
58;1;43818;9049;9050
58;1;43923;;43925
58;1;43925;43923;
58;1;44079;;44080
58;1;44080;44079;44081
58;1;44081;44080;
58;1;44152;35071;
58;1;44189;;44190
58;1;44190;44189;
58;1;44206;44207;
58;1;44207;;44206
58;1;44259;44260;
58;1;44260;;44259
58;1;44408;;42473
58;1;44710;9105;9106
58;1;44713;9107;
58;1;45080;39046;8993
58;1;45082;7111;
58;1;45107;;45108
58;1;45108;45107;
58;1;45130;;45131
58;1;45131;45130;45132
58;1;45132;45131;
58;1;45157;;45158
58;1;45158;45157;
58;1;45205;;45206
58;1;45206;45205;
58;1;45300;;45301
58;1;45301;45300;
58;1;45320;;45321
58;1;45321;45320;
58;1;45385;;45386
58;1;45386;45385;
58;1;45501;;45502
58;1;45502;45501;13876
58;1;45576;9939;
58;1;45619;9048;45620
58;1;45620;45619;
58;1;45621;45622;9053
58;1;45622;;45621
58;1;45658;8700;
58;1;46027;38798;
58;1;46527;;46528
58;1;46528;46527;46529
58;1;46529;46528;
58;1;46576;7227;
58;1;46578;36212;35122
58;1;46585;42374;
58;1;46631;;46632
58;1;46632;46631;
58;1;46640;;46641
58;1;46641;46640;
58;1;46650;;46651
58;1;46651;46650;
58;1;46659;;46660
58;1;46660;46659;
58;1;46675;32325;46676
58;1;46676;46675;46677
58;1;46677;46676;
58;1;46685;;46686
58;1;46686;46685;
58;1;46721;;9560
58;1;46725;;46726
58;1;46726;46725;
58;1;46735;;46736
58;1;46736;46735;
58;1;46746;;46747
58;1;46747;46746;
58;1;46783;9028;9029
58;1;46824;;46825
58;1;46825;46824;
58;1;46842;;46843
58;1;46843;46842;
58;1;46894;;46895
58;1;46895;46894;
58;1;46905;;46906
58;1;46906;46905;
58;1;46916;;46917
58;1;46917;46916;
58;1;46931;33372;9405
58;1;46940;;46941
58;1;46941;46940;
58;1;46957;;46958
58;1;46958;46957;46959
58;1;46959;46958;
58;1;46996;;46997
58;1;46997;46996;46998
58;1;46998;46997;
58;1;47022;8458;
58;1;47051;8457;47052
58;1;47052;47051;8458
58;1;47053;8454;8455
58;1;47070;;47231
58;1;47179;;47180
58;1;47180;47179;
58;1;47231;47070;38395
58;1;47247;38345;9074
58;1;47584;9654;
58;1;47594;9680;
58;1;47616;9127;
58;1;47629;8842;
58;1;47631;8841;
58;1;47632;39992;
58;1;47662;9135;
58;1;47676;7095;
58;1;47804;;8617
58;1;47805;8617;47806
58;1;47806;47805;
58;1;47813;9059;47816
58;1;47814;8990;8991
58;1;47816;47813;
58;1;47817;;8947
58;1;47818;8947;8948
58;1;47823;8936;8937
58;1;47840;;47841
58;1;47841;47840;
58;1;48177;;48178
58;1;48178;48177;
58;1;48215;55653;
58;1;48254;;48380
58;1;48274;48380;
58;1;48318;8655;8656
58;1;48323;8883;8884
58;1;48356;9162;
58;1;48380;48254;48274
58;1;48446;8909;40767
58;1;48472;56642;
58;1;48610;9054;9056
58;1;49231;8584;8585
58;1;50037;;51444
58;1;51125;8514;52444
58;1;51349;9095;
58;1;51362;52353;
58;1;51433;9844;51452
58;1;51444;50037;
58;1;51452;51433;
58;1;51547;;51550
58;1;51550;51547;
58;1;51645;;51649
58;1;51649;51645;42971
58;1;52008;8838;
58;1;52017;;8599
58;1;52078;54520;
58;1;52082;9170;
58;1;52083;9012;
58;1;52098;9108;
58;1;52100;8641;8642
58;1;52103;9011;54051
58;1;52104;;8543
58;1;52109;8844;
58;1;52121;9683;
58;1;52132;8603;8604
58;1;52168;8597;
58;1;52169;9040;
58;1;52187;9713;
58;1;52196;9677;
58;1;52197;9712;
58;1;52213;9691;
58;1;52243;9661;
58;1;52245;9692;
58;1;52246;9697;
58;1;52247;9134;
58;1;52248;9673;
58;1;52249;9655;
58;1;52250;9652;
58;1;52251;9656;
58;1;52268;9707;
58;1;52275;38695;
58;1;52287;9675;
58;1;52296;;53954
58;1;52343;9086;
58;1;52346;42944;
58;1;52350;9830;52352
58;1;52352;52350;52353
58;1;52353;52352;51362
58;1;52408;;52432
58;1;52410;;52412
58;1;52412;52410;57018
58;1;52416;;9066
58;1;52432;52408;
58;1;52433;8573;8574
58;1;52434;8963;8964
58;1;52435;;52436
58;1;52436;52435;52437
58;1;52437;52436;8444
58;1;52438;;52439
58;1;52439;52438;52440
58;1;52440;52439;8460
58;1;52441;;52442
58;1;52442;52441;
58;1;52443;8525;8526
58;1;52444;51125;8515
58;1;52445;8531;8532
58;1;52534;8439;52535
58;1;52535;52534;57842
58;1;52750;;8847
58;1;53431;55869;
58;1;53432;8799;36578
58;1;53577;7191;7192
58;1;53578;9030;39047
58;1;53701;;53702
58;1;53702;53701;37420
58;1;53711;;53712
58;1;53712;53711;
58;1;53734;;53735
58;1;53735;53734;
58;1;53753;;36516
58;1;53954;52296;
58;1;54018;8553;8554
58;1;54051;52103;
58;1;54080;;54081
58;1;54081;54080;
58;1;54091;;54092
58;1;54092;54091;
58;1;54113;;54114
58;1;54114;54113;
58;1;54126;8728;8729
58;1;54143;8790;8791
58;1;54220;8836;8837
58;1;54249;;54250
58;1;54250;54249;
58;1;54443;;54444
58;1;54444;54443;
58;1;54464;;54465
58;1;54465;54464;
58;1;54473;7084;54474
58;1;54474;54473;54475
58;1;54475;54474;
58;1;54492;;54493
58;1;54493;54492;
58;1;54505;;9203
58;1;54520;8605;52078
58;1;54523;;54524
58;1;54524;54523;
58;1;54526;54535;
58;1;54535;;54526
58;1;54540;8600;8601
58;1;54618;;54619
58;1;54619;54618;54620
58;1;54620;54619;
58;1;54738;;54739
58;1;54739;54738;
58;1;54767;;54768
58;1;54768;54767;54857
58;1;54788;;54789
58;1;54789;54788;
58;1;54857;54768;
58;1;54876;57843;54877
58;1;54877;54876;8492
58;1;54878;;14169
58;1;54879;14169;8696
58;1;54880;8696;8697
58;1;54882;;54883
58;1;54883;54882;54964
58;1;54884;54967;54885
58;1;54885;54884;8760
58;1;54892;8710;54893
58;1;54893;54892;
58;1;54894;;14178
58;1;54895;14178;
58;1;54898;;54899
58;1;54899;54898;14179
58;1;54900;14179;8753
58;1;54902;;54903
58;1;54903;54902;14183
58;1;54904;;54905
58;1;54905;54904;54906
58;1;54906;54905;14186
58;1;54907;42184;54908
58;1;54908;54907;
58;1;54909;;54910
58;1;54910;54909;8861
58;1;54911;;54912
58;1;54912;54911;54913
58;1;54913;54912;54914
58;1;54914;54913;
58;1;54943;8768;54944
58;1;54944;54943;
58;1;54964;54883;54965
58;1;54965;54964;54966
58;1;54966;54965;
58;1;54967;8758;54884
58;1;54972;54973;
58;1;54973;;54972
58;1;54981;54982;14181
58;1;54982;;54981
58;1;55244;;55860
58;1;55307;;55308
58;1;55308;55307;8658
58;1;55309;;55310
58;1;55310;55309;
58;1;55311;;55312
58;1;55312;55311;
58;1;55653;;48215
58;1;55750;8893;56505
58;1;55751;8813;55752
58;1;55752;55751;55753
58;1;55753;55752;
58;1;55756;;8659
58;1;55803;7120;
58;1;55860;55244;8971
58;1;55869;;53431
58;1;55928;7001;39796
58;1;56505;55750;8894
58;1;56563;;56574
58;1;56574;56563;
58;1;56642;40757;48472
58;1;56798;30679;56804
58;1;56804;56798;
58;1;57018;52412;
58;1;57029;;57030
58;1;57030;57029;
58;1;57663;;7046
58;1;57801;;57802
58;1;57802;57801;
58;1;57838;8719;57839
58;1;57839;57838;8720
58;1;57840;8720;8721
58;1;57841;8721;8722
58;1;57842;52535;8441
58;1;57843;8490;54876
58;1;57844;8678;8679
58;1;57845;;9223
58;1;57846;8772;
58;1;57847;8706;
58;1;59368;;59369
58;1;59369;59368;
58;1;60093;;8778
58;1;60299;;60300
58;1;60300;60299;60301
58;1;60301;60300;
58;1;60317;;60318
58;1;60318;60317;
58;1;60349;;60350
58;1;60350;60349;
58;1;60366;13816;60367
58;1;60367;60366;
58;1;60867;;60868
58;1;60868;60867;
58;1;61049;;61050
58;1;61050;61049;61051
58;1;61051;61050;61052
58;1;61052;61051;
58;1;61339;;61340
58;1;61340;61339;
58;1;61362;13806;
